EqName	SwordShieldWFreeStand	ShieldSwordWFreeStand	FreeStand1	FreeStand2	FreeStand3	MeleeWStand	RangeWStand	DoubleWStand	SwordShieldWStand	ShieldSwordWStand	GuqinWStand1	GuqinWStand2	FreeWalk	NormalWalk	MeleeWWalk	RangeWWalk	DoubleWWalk	SwordShieldWWalk	ShieldSwordWWalk	GuqinWWalk	FreeRun	NormalRun	MeleeWRun	RangeWRun	DoubleWRun	SwordShieldWRun	ShieldSwordWRun	GuqinWRun	FreeWound	MeleeWWound	RangeWWound	DoubleWWound	SwordShieldWWound	ShieldSwordWWound	GuqinWWound	FreeDie	MeleeWDie	RangeWDie	DoubleWDie	SwordShieldWDie	ShieldSwordWDie	GuqinWDie	FreeAttack	MeleeWPuncture	MeleeWCut	RangeWPuncture	RangeWCut	DoubleWPull	DoubleWPound	SwordShieldWChop	SwordShieldWCut	ShieldSwordWChop	ShieldSwordWCut	GuqinWPuncture	GuqinWCut	DartThrow	FreeMagic	MeleeWMagic	RangeWMagic	DoubleWMagic	SwordShieldWMagic	ShieldSwordWMagic	GuqinWMagic	SitDown	Jump	RideStand	RideWalk	RideRun	RideCut	RidePuncture	RideMagic	RideWound	RideDie	RideStand1	RideStand2
Ph«n ß«u 01	80,8,1	80,8,1							120,8,1	120,8,1	80,8,1	88,8,1						248,8,1	248,8,1	96,8,1						96,8,1	96,8,1	192,8,1					104,8,1	104,8,1	88,8,1					96,8,1	96,8,1	96,8,1								232,8,1	192,8,1	232,8,1	192,8,1	144,8,1	240,8,1						176,8,1	176,8,1	104,8,1												
Ph«n ß«u 02	80,8,1	80,8,1							120,8,1	120,8,1	80,8,1	88,8,1						248,8,1	248,8,1	96,8,1						96,8,1	96,8,1	192,8,1					104,8,1	104,8,1	88,8,1					96,8,1	96,8,1	96,8,1								232,8,1	192,8,1	232,8,1	192,8,1	144,8,1	240,8,1						176,8,1	176,8,1	104,8,1												
Ph«n ß«u 03	80,8,1	80,8,1							120,8,1	120,8,1	80,8,1	88,8,1						248,8,1	248,8,1	96,8,1						96,8,1	96,8,1	192,8,1					104,8,1	104,8,1	88,8,1					96,8,1	96,8,1	96,8,1								232,8,1	192,8,1	232,8,1	192,8,1	144,8,1	240,8,1						176,8,1	176,8,1	104,8,1												
Ph«n ß«u 04	80,8,1	80,8,1	80,8,1	64,8,1	64,8,1	96,8,1	64,8,1	64,8,1	120,8,1	120,8,1	80,8,1	88,8,1	96,8,1	96,8,1	96,8,1	96,8,1	96,8,1	248,8,1	248,8,1	96,8,1	96,8,1	96,8,1	96,8,1	96,8,1	96,8,1	96,8,1	96,8,1	192,8,1	64,8,1	64,8,1	48,8,1	48,8,1	104,8,1	104,8,1	88,8,1	104,8,1	120,8,1	80,8,1	80,8,1	96,8,1	96,8,1	96,8,1	96,8,1	104,8,1	104,8,1	104,8,1	96,8,1	128,8,1	96,8,1	232,8,1	192,8,1	232,8,1	192,8,1	144,8,1	240,8,1	96,8,1	96,8,1	80,8,1	96,8,1	80,8,1	176,8,1	176,8,1	104,8,1	96,8,1	112,8,1	112,8,1	96,8,1	80,8,1	96,8,1	112,8,1	96,8,1	48,8,1		112,8,1	112,8,1
Ph«n ß«u 05	80,8,1	80,8,1							120,8,1	120,8,1	80,8,1	88,8,1						248,8,1	248,8,1	96,8,1						96,8,1	96,8,1	192,8,1					104,8,1	104,8,1	88,8,1					96,8,1	96,8,1	96,8,1								232,8,1	192,8,1	232,8,1	192,8,1	144,8,1	240,8,1						176,8,1	176,8,1	104,8,1												
Ph«n ß«u 06	80,8,1	80,8,1							120,8,1	120,8,1	80,8,1	88,8,1						248,8,1	248,8,1	96,8,1						96,8,1	96,8,1	192,8,1					104,8,1	104,8,1	88,8,1					96,8,1	96,8,1	96,8,1								232,8,1	192,8,1	232,8,1	192,8,1	144,8,1	240,8,1						176,8,1	176,8,1	104,8,1												
Ph«n ß«u 07	80,8,1	80,8,1							120,8,1	120,8,1	80,8,1	88,8,1						248,8,1	248,8,1	96,8,1						96,8,1	96,8,1	192,8,1					104,8,1	104,8,1	88,8,1					96,8,1	96,8,1	96,8,1								232,8,1	192,8,1	232,8,1	192,8,1	144,8,1	240,8,1						176,8,1	176,8,1	104,8,1												
Ph«n ß«u 08	80,8,1	80,8,1	80,8,1	64,8,1	64,8,1	96,8,1	64,8,1	64,8,1	120,8,1	120,8,1	80,8,1	88,8,1	96,8,1	96,8,1	96,8,1	96,8,1	96,8,1	248,8,1	248,8,1	96,8,1	96,8,1	96,8,1	96,8,1	96,8,1	96,8,1	96,8,1	96,8,1	192,8,1	64,8,1	64,8,1	48,8,1	48,8,1	104,8,1	104,8,1	88,8,1	104,8,1	120,8,1	80,8,1	80,8,1	96,8,1	96,8,1	96,8,1	96,8,1	104,8,1	104,8,1	104,8,1	96,8,1	128,8,1	96,8,1	232,8,1	192,8,1	232,8,1	192,8,1	144,8,1	240,8,1	96,8,1	96,8,1	80,8,1	96,8,1	80,8,1	176,8,1	176,8,1	104,8,1	96,8,1	112,8,1	112,8,1	96,8,1	80,8,1	96,8,1	112,8,1	96,8,1	48,8,1		112,8,1	112,8,1
Ph«n ß«u 09	80,8,1	80,8,1	80,8,1	64,8,1	64,8,1	96,8,1	64,8,1	64,8,1	120,8,1	120,8,1	80,8,1	88,8,1	96,8,1	96,8,1	96,8,1	96,8,1	96,8,1	248,8,1	248,8,1	96,8,1	96,8,1	96,8,1	96,8,1	96,8,1	96,8,1	96,8,1	96,8,1	192,8,1	64,8,1	64,8,1	48,8,1	48,8,1	104,8,1	104,8,1	88,8,1	104,8,1	120,8,1	80,8,1	80,8,1	96,8,1	96,8,1	96,8,1	96,8,1	104,8,1	104,8,1	104,8,1	96,8,1	128,8,1	96,8,1	232,8,1	192,8,1	232,8,1	192,8,1	144,8,1	240,8,1	96,8,1	96,8,1	80,8,1	96,8,1	80,8,1	176,8,1	176,8,1	104,8,1	96,8,1	112,8,1	112,8,1	96,8,1	80,8,1	96,8,1	112,8,1	96,8,1	48,8,1		112,8,1	112,8,1
Ph«n ß«u 10	80,8,1	80,8,1	80,8,1	64,8,1	64,8,1	96,8,1	64,8,1	64,8,1	120,8,1	120,8,1	80,8,1	88,8,1	96,8,1	96,8,1	96,8,1	96,8,1	96,8,1	248,8,1	248,8,1	96,8,1	96,8,1	96,8,1	96,8,1	96,8,1	96,8,1	96,8,1	96,8,1	192,8,1	64,8,1	64,8,1	48,8,1	48,8,1	104,8,1	104,8,1	88,8,1	104,8,1	120,8,1	80,8,1	80,8,1	96,8,1	96,8,1	96,8,1	96,8,1	104,8,1	104,8,1	104,8,1	96,8,1	128,8,1	96,8,1	232,8,1	192,8,1	232,8,1	192,8,1	144,8,1	240,8,1	96,8,1	96,8,1	80,8,1	96,8,1	80,8,1	176,8,1	176,8,1	104,8,1	96,8,1	112,8,1	112,8,1	96,8,1	80,8,1	96,8,1	112,8,1	96,8,1	48,8,1		112,8,1	112,8,1
Ph«n ß«u 11	80,8,1	80,8,1							120,8,1	120,8,1	80,8,1	88,8,1						248,8,1	248,8,1	96,8,1						96,8,1	96,8,1	192,8,1					104,8,1	104,8,1	88,8,1					96,8,1	96,8,1	96,8,1								232,8,1	192,8,1	232,8,1	192,8,1	144,8,1	240,8,1						176,8,1	176,8,1	104,8,1												
Ph«n ß«u 12	80,8,1	80,8,1							120,8,1	120,8,1	80,8,1	88,8,1						248,8,1	248,8,1	96,8,1						96,8,1	96,8,1	192,8,1					104,8,1	104,8,1	88,8,1					96,8,1	96,8,1	96,8,1								232,8,1	192,8,1	232,8,1	192,8,1	144,8,1	240,8,1						176,8,1	176,8,1	104,8,1												
Ph«n ß«u 13	80,8,1	80,8,1	80,8,1	64,8,1	64,8,1	96,8,1	64,8,1	64,8,1	120,8,1	120,8,1	80,8,1	88,8,1	96,8,1	96,8,1	96,8,1	96,8,1	96,8,1	248,8,1	248,8,1	96,8,1	96,8,1	96,8,1	96,8,1	96,8,1	96,8,1	96,8,1	96,8,1	192,8,1	64,8,1	64,8,1	48,8,1	48,8,1	104,8,1	104,8,1	88,8,1	104,8,1	120,8,1	80,8,1	80,8,1	96,8,1	96,8,1	96,8,1	96,8,1	104,8,1	104,8,1	104,8,1	96,8,1	128,8,1	96,8,1	232,8,1	192,8,1	232,8,1	192,8,1	144,8,1	240,8,1	96,8,1	96,8,1	80,8,1	96,8,1	80,8,1	176,8,1	176,8,1	104,8,1	96,8,1	112,8,1	112,8,1	96,8,1	80,8,1	96,8,1	112,8,1	96,8,1	48,8,1		112,8,1	112,8,1
Ph«n ß«u 14	80,8,1	80,8,1							120,8,1	120,8,1	80,8,1	88,8,1						248,8,1	248,8,1	96,8,1						96,8,1	96,8,1	192,8,1					104,8,1	104,8,1	88,8,1					96,8,1	96,8,1	96,8,1								232,8,1	192,8,1	232,8,1	192,8,1	144,8,1	240,8,1						176,8,1	176,8,1	104,8,1												
Ph«n ß«u 15	80,8,1	80,8,1							120,8,1	120,8,1	80,8,1	88,8,1						248,8,1	248,8,1	96,8,1						96,8,1	96,8,1	192,8,1					104,8,1	104,8,1	88,8,1					96,8,1	96,8,1	96,8,1								232,8,1	192,8,1	232,8,1	192,8,1	144,8,1	240,8,1						176,8,1	176,8,1	104,8,1												
Ph«n ß«u 16	80,8,1	80,8,1							120,8,1	120,8,1	80,8,1	88,8,1						248,8,1	248,8,1	96,8,1						96,8,1	96,8,1	192,8,1					104,8,1	104,8,1	88,8,1					96,8,1	96,8,1	96,8,1								232,8,1	192,8,1	232,8,1	192,8,1	144,8,1	240,8,1						176,8,1	176,8,1	104,8,1												
Ph«n ß«u 17	80,8,1	80,8,1	80,8,1	64,8,1	64,8,1	96,8,1	64,8,1	64,8,1	120,8,1	120,8,1	80,8,1	88,8,1	96,8,1	96,8,1	96,8,1	96,8,1	96,8,1	248,8,1	248,8,1	96,8,1	96,8,1	96,8,1	96,8,1	96,8,1	96,8,1	96,8,1	96,8,1	192,8,1	64,8,1	64,8,1	48,8,1	48,8,1	104,8,1	104,8,1	88,8,1	104,8,1	120,8,1	80,8,1	80,8,1	96,8,1	96,8,1	96,8,1	96,8,1	104,8,1	104,8,1	104,8,1	96,8,1	128,8,1	96,8,1	232,8,1	192,8,1	232,8,1	192,8,1	144,8,1	240,8,1	96,8,1	96,8,1	80,8,1	96,8,1	80,8,1	176,8,1	176,8,1	104,8,1	96,8,1	112,8,1	112,8,1	96,8,1	80,8,1	96,8,1	112,8,1	96,8,1	48,8,1		112,8,1	112,8,1
Ph«n ß«u 18	80,8,1	80,8,1	80,8,1	64,8,1	64,8,1	96,8,1	64,8,1	64,8,1	120,8,1	120,8,1	80,8,1	88,8,1	96,8,1	96,8,1	96,8,1	96,8,1	88,8,1	248,8,1	248,8,1	96,8,1	96,8,1	96,8,1	96,8,1	96,8,1	96,8,1	96,8,1	96,8,1	192,8,1	64,8,1	64,8,1	48,8,1	48,8,1	104,8,1	104,8,1	88,8,1	104,8,1	120,8,1	80,8,1	80,8,1	96,8,1	96,8,1	96,8,1	96,8,1	104,8,1	104,8,1	104,8,1	96,8,1	128,8,1	96,8,1	232,8,1	192,8,1	232,8,1	192,8,1	144,8,1	240,8,1	96,8,1	96,8,1	80,8,1	96,8,1	80,8,1	176,8,1	176,8,1	104,8,1	96,8,1	112,8,1	112,8,1	96,8,1	80,8,1	96,8,1	112,8,1	96,8,1	48,8,1		112,8,1	112,8,1
Ph«n ß«u 19	80,8,1	80,8,1							120,8,1	120,8,1	80,8,1	88,8,1						248,8,1	248,8,1	96,8,1						96,8,1	96,8,1	192,8,1					104,8,1	104,8,1	88,8,1					96,8,1	96,8,1	96,8,1								232,8,1	192,8,1	232,8,1	192,8,1	144,8,1	240,8,1						176,8,1	176,8,1	104,8,1												
Ph«n ß«u 20	80,8,1	80,8,1							120,8,1	120,8,1	80,8,1	88,8,1						248,8,1	248,8,1	96,8,1						96,8,1	96,8,1	192,8,1					104,8,1	104,8,1	88,8,1					96,8,1	96,8,1	96,8,1								232,8,1	192,8,1	232,8,1	192,8,1	144,8,1	240,8,1						176,8,1	176,8,1	104,8,1												
Ph«n ß«u 21	80,8,1	80,8,1	80,8,1	64,8,1	64,8,1	96,8,1	64,8,1	64,8,1	120,8,1	120,8,1	80,8,1	88,8,1	96,8,1	96,8,1	96,8,1	96,8,1	96,8,1	248,8,1	248,8,1	96,8,1	96,8,1	96,8,1	96,8,1	96,8,1	96,8,1	96,8,1	96,8,1	192,8,1	64,8,1	64,8,1	48,8,1	48,8,1	104,8,1	104,8,1	88,8,1	104,8,1	120,8,1	80,8,1	80,8,1	96,8,1	96,8,1	96,8,1	96,8,1	104,8,1	104,8,1	104,8,1	96,8,1	128,8,1	96,8,1	232,8,1	192,8,1	232,8,1	192,8,1	144,8,1	240,8,1	96,8,1	96,8,1	80,8,1	96,8,1	80,8,1	176,8,1	176,8,1	104,8,1	96,8,1	112,8,1	112,8,1	96,8,1	80,8,1	96,8,1	112,8,1	96,8,1	48,8,1		112,8,1	112,8,1
Ph«n ß«u 22	80,8,1	80,8,1	80,8,1	64,8,1	64,8,1	96,8,1	64,8,1	64,8,1	120,8,1	120,8,1	80,8,1	88,8,1	96,8,1	96,8,1	96,8,1	96,8,1	96,8,1	248,8,1	248,8,1	96,8,1	96,8,1	96,8,1	96,8,1	96,8,1	96,8,1	96,8,1	96,8,1	192,8,1	64,8,1	64,8,1	48,8,1	48,8,1	104,8,1	104,8,1	88,8,1	104,8,1	120,8,1	80,8,1	80,8,1	96,8,1	96,8,1	96,8,1	96,8,1	104,8,1	104,8,1	104,8,1	96,8,1	128,8,1	96,8,1	232,8,1	192,8,1	232,8,1	192,8,1	144,8,1	240,8,1	96,8,1	96,8,1	80,8,1	96,8,1	80,8,1	176,8,1	176,8,1	104,8,1	96,8,1	112,8,1	112,8,1	96,8,1	80,8,1	96,8,1	112,8,1	96,8,1	48,8,1		112,8,1	112,8,1
Ph«n ß«u 23	80,8,1	80,8,1	80,8,1	64,8,1	64,8,1	96,8,1	64,8,1	64,8,1	120,8,1	120,8,1	80,8,1	88,8,1	96,8,1	96,8,1	96,8,1	96,8,1	96,8,1	248,8,1	248,8,1	96,8,1	96,8,1	96,8,1	96,8,1	96,8,1	96,8,1	96,8,1	96,8,1	192,8,1	64,8,1	64,8,1	48,8,1	48,8,1	104,8,1	104,8,1	88,8,1	104,8,1	120,8,1	80,8,1	80,8,1	96,8,1	96,8,1	96,8,1	96,8,1	104,8,1	104,8,1	104,8,1	96,8,1	128,8,1	96,8,1	232,8,1	192,8,1	232,8,1	192,8,1	144,8,1	240,8,1	96,8,1	96,8,1	80,8,1	96,8,1	80,8,1	176,8,1	176,8,1	104,8,1	96,8,1	112,8,1	112,8,1	96,8,1	80,8,1	96,8,1	112,8,1	96,8,1	48,8,1		112,8,1	112,8,1
Ph«n ß«u 24	80,8,1	80,8,1	80,8,1	64,8,1	64,8,1	96,8,1	64,8,1	64,8,1	120,8,1	120,8,1	80,8,1	88,8,1	96,8,1	96,8,1	96,8,1	96,8,1	96,8,1	248,8,1	248,8,1	96,8,1	96,8,1	96,8,1	96,8,1	96,8,1	96,8,1	96,8,1	96,8,1	192,8,1	64,8,1	64,8,1	48,8,1	48,8,1	104,8,1	104,8,1	88,8,1	104,8,1	120,8,1	80,8,1	80,8,1	96,8,1	96,8,1	96,8,1	96,8,1	104,8,1	104,8,1	104,8,1	96,8,1	128,8,1	96,8,1	232,8,1	192,8,1	232,8,1	192,8,1	144,8,1	240,8,1	96,8,1	96,8,1	80,8,1	96,8,1	80,8,1	176,8,1	176,8,1	104,8,1	96,8,1	112,8,1	112,8,1	96,8,1	80,8,1	96,8,1	112,8,1	96,8,1	48,8,1		112,8,1	112,8,1
Ph«n ß«u 25	80,8,1	80,8,1	80,8,1	64,8,1	64,8,1	96,8,1	64,8,1	64,8,1	120,8,1	120,8,1	80,8,1	88,8,1	96,8,1	96,8,1	96,8,1	96,8,1	96,8,1	248,8,1	248,8,1	96,8,1	96,8,1	96,8,1	96,8,1	96,8,1	96,8,1	96,8,1	96,8,1	192,8,1	64,8,1	64,8,1	48,8,1	48,8,1	104,8,1	104,8,1	88,8,1	104,8,1	120,8,1	80,8,1	80,8,1	96,8,1	96,8,1	96,8,1	96,8,1	104,8,1	104,8,1	104,8,1	96,8,1	128,8,1	96,8,1	232,8,1	192,8,1	232,8,1	192,8,1	144,8,1	240,8,1	96,8,1	96,8,1	80,8,1	96,8,1	80,8,1	176,8,1	176,8,1	104,8,1	96,8,1	112,8,1	112,8,1	96,8,1	80,8,1	96,8,1	112,8,1	96,8,1	48,8,1		112,8,1	112,8,1
Ph«n ß«u 26	80,8,1	80,8,1	80,8,1	64,8,1	64,8,1	96,8,1	64,8,1	64,8,1	120,8,1	120,8,1	80,8,1	88,8,1	96,8,1	96,8,1	96,8,1	96,8,1	96,8,1	248,8,1	248,8,1	96,8,1	96,8,1	96,8,1	96,8,1	96,8,1	96,8,1	96,8,1	96,8,1	192,8,1	64,8,1	64,8,1	48,8,1	48,8,1	104,8,1	104,8,1	88,8,1	104,8,1	120,8,1	80,8,1	80,8,1	96,8,1	96,8,1	96,8,1	96,8,1	104,8,1	104,8,1	104,8,1	96,8,1	128,8,1	96,8,1	232,8,1	192,8,1	232,8,1	192,8,1	144,8,1	240,8,1	96,8,1	96,8,1	80,8,1	96,8,1	80,8,1	176,8,1	176,8,1	104,8,1	96,8,1	112,8,1	112,8,1	96,8,1	80,8,1	96,8,1	112,8,1	96,8,1	48,8,1		112,8,1	112,8,1
Ph«n ß«u 27	80,8,1	80,8,1	80,8,1	64,8,1	64,8,1	96,8,1	64,8,1	64,8,1	120,8,1	120,8,1	80,8,1	88,8,1	96,8,1	96,8,1	96,8,1	96,8,1	96,8,1	248,8,1	248,8,1	96,8,1	96,8,1	96,8,1	96,8,1	96,8,1	96,8,1	96,8,1	96,8,1	192,8,1	64,8,1	64,8,1	48,8,1	48,8,1	104,8,1	104,8,1	88,8,1	104,8,1	120,8,1	80,8,1	80,8,1	96,8,1	96,8,1	96,8,1	96,8,1	104,8,1	104,8,1	104,8,1	96,8,1	128,8,1	96,8,1	232,8,1	192,8,1	232,8,1	192,8,1	144,8,1	240,8,1	96,8,1	96,8,1	80,8,1	96,8,1	80,8,1	176,8,1	176,8,1	104,8,1	96,8,1	112,8,1	112,8,1	96,8,1	80,8,1	96,8,1	112,8,1	96,8,1	48,8,1		112,8,1	112,8,1
Ph«n ß«u 28	80,8,1	80,8,1	80,8,1	64,8,1	64,8,1	96,8,1	64,8,1	64,8,1	120,8,1	120,8,1	80,8,1	88,8,1	96,8,1	96,8,1	96,8,1	96,8,1	96,8,1	248,8,1	248,8,1	96,8,1	96,8,1	96,8,1	96,8,1	96,8,1	96,8,1	96,8,1	96,8,1	192,8,1	64,8,1	64,8,1	48,8,1	48,8,1	104,8,1	104,8,1	88,8,1	104,8,1	120,8,1	80,8,1	80,8,1	96,8,1	96,8,1	96,8,1	96,8,1	104,8,1	104,8,1	104,8,1	96,8,1	128,8,1	96,8,1	232,8,1	192,8,1	232,8,1	192,8,1	144,8,1	240,8,1	96,8,1	96,8,1	80,8,1	96,8,1	80,8,1	176,8,1	176,8,1	104,8,1	96,8,1	112,8,1	112,8,1	96,8,1	80,8,1	96,8,1	112,8,1	96,8,1	48,8,1		112,8,1	112,8,1
Ph«n ß«u 29	80,8,1	80,8,1							120,8,1	120,8,1	80,8,1	88,8,1						248,8,1	248,8,1	96,8,1						96,8,1	96,8,1	192,8,1					104,8,1	104,8,1	88,8,1					96,8,1	96,8,1	96,8,1								232,8,1	192,8,1	232,8,1	192,8,1	144,8,1	240,8,1						176,8,1	176,8,1	104,8,1												
Ph«n ß«u 30	80,8,1	80,8,1							120,8,1	120,8,1	80,8,1	88,8,1						248,8,1	248,8,1	96,8,1						96,8,1	96,8,1	192,8,1					104,8,1	104,8,1	88,8,1					96,8,1	96,8,1	96,8,1								232,8,1	192,8,1	232,8,1	192,8,1	144,8,1	240,8,1						176,8,1	176,8,1	104,8,1												
Ph«n ß«u 31	80,8,1	80,8,1							120,8,1	120,8,1	80,8,1	88,8,1						248,8,1	248,8,1	96,8,1						96,8,1	96,8,1	192,8,1					104,8,1	104,8,1	88,8,1					96,8,1	96,8,1	96,8,1								232,8,1	192,8,1	232,8,1	192,8,1	144,8,1	240,8,1						176,8,1	176,8,1	104,8,1												
Ph«n ß«u 32	80,8,1	80,8,1							120,8,1	120,8,1	80,8,1	88,8,1						248,8,1	248,8,1	96,8,1						96,8,1	96,8,1	192,8,1					104,8,1	104,8,1	88,8,1					96,8,1	96,8,1	96,8,1								232,8,1	192,8,1	232,8,1	192,8,1	144,8,1	240,8,1						176,8,1	176,8,1	104,8,1												
Ph«n ß«u 33	80,8,1	80,8,1	80,8,1	64,8,1	64,8,1	96,8,1	64,8,1	64,8,1	120,8,1	120,8,1	80,8,1	88,8,1	96,8,1	96,8,1	96,8,1	96,8,1	96,8,1	248,8,1	248,8,1	96,8,1	96,8,1	96,8,1	96,8,1	96,8,1	96,8,1	96,8,1	96,8,1	192,8,1	64,8,1	64,8,1	48,8,1	48,8,1	104,8,1	104,8,1	88,8,1	104,8,1	120,8,1	80,8,1	80,8,1	96,8,1	96,8,1	96,8,1	96,8,1	104,8,1	104,8,1	104,8,1	96,8,1	128,8,1	96,8,1	232,8,1	192,8,1	232,8,1	192,8,1	144,8,1	240,8,1	96,8,1	96,8,1	80,8,1	96,8,1	80,8,1	176,8,1	176,8,1	104,8,1	96,8,1	112,8,1	112,8,1	96,8,1	80,8,1	96,8,1	112,8,1	96,8,1	48,8,1	112,8,1	112,8,1	112,8,1
Ph«n ß«u 34	80,8,1	80,8,1	80,8,1	64,8,1	64,8,1	96,8,1	64,8,1	64,8,1	120,8,1	120,8,1	80,8,1	88,8,1	96,8,1	96,8,1	96,8,1	96,8,1	96,8,1	248,8,1	248,8,1	96,8,1	96,8,1	96,8,1	96,8,1	96,8,1	96,8,1	96,8,1	96,8,1	192,8,1	64,8,1	64,8,1	48,8,1	48,8,1	104,8,1	104,8,1	88,8,1	104,8,1	120,8,1	80,8,1	80,8,1	96,8,1	96,8,1	96,8,1	96,8,1	104,8,1	104,8,1	104,8,1	96,8,1	128,8,1	96,8,1	232,8,1	192,8,1	232,8,1	192,8,1	144,8,1	240,8,1	96,8,1	96,8,1	80,8,1	96,8,1	80,8,1	176,8,1	176,8,1	104,8,1	96,8,1	112,8,1	112,8,1	96,8,1	80,8,1	96,8,1	112,8,1	96,8,1	48,8,1	112,8,1	112,8,1	112,8,1
Ph«n ß«u 35	80,8,1	80,8,1	80,8,1	64,8,1	64,8,1	96,8,1	64,8,1	64,8,1	120,8,1	120,8,1	80,8,1	88,8,1	96,8,1	96,8,1	96,8,1	96,8,1	96,8,1	248,8,1	248,8,1	96,8,1	96,8,1	96,8,1	96,8,1	96,8,1	96,8,1	96,8,1	96,8,1	192,8,1	64,8,1	64,8,1	48,8,1	48,8,1	104,8,1	104,8,1	88,8,1	104,8,1	120,8,1	80,8,1	80,8,1	96,8,1	96,8,1	96,8,1	96,8,1	104,8,1	104,8,1	104,8,1	96,8,1	128,8,1	96,8,1	232,8,1	192,8,1	232,8,1	192,8,1	144,8,1	240,8,1	96,8,1	96,8,1	80,8,1	96,8,1	80,8,1	176,8,1	176,8,1	104,8,1	96,8,1	112,8,1	120,8,1	104,8,1	80,8,1	96,8,1	112,8,1	96,8,1	48,8,1	112,8,1	120,8,1	120,8,1
Ph«n ß«u 36	80,8,1	80,8,1							120,8,1	120,8,1	80,8,1	88,8,1						248,8,1	248,8,1	96,8,1						96,8,1	96,8,1	192,8,1					104,8,1	104,8,1	88,8,1					96,8,1	96,8,1	96,8,1								232,8,1	192,8,1	232,8,1	192,8,1	144,8,1	240,8,1						176,8,1	176,8,1	104,8,1												
Ph«n ß«u 37	80,8,1	80,8,1	80,8,1	64,8,1	64,8,1	96,8,1	64,8,1	64,8,1	120,8,1	120,8,1	80,8,1	88,8,1	96,8,1	96,8,1	96,8,1	96,8,1	96,8,1	248,8,1	248,8,1	96,8,1	96,8,1	96,8,1	96,8,1	96,8,1	96,8,1	96,8,1	96,8,1	192,8,1	64,8,1	64,8,1	48,8,1	48,8,1	104,8,1	104,8,1	88,8,1	104,8,1	120,8,1	80,8,1	80,8,1	96,8,1	96,8,1	96,8,1	96,8,1	104,8,1	104,8,1	104,8,1	104,8,1	128,8,1	96,8,1	232,8,1	192,8,1	232,8,1	192,8,1	144,8,1	240,8,1	96,8,1	96,8,1	80,8,1	96,8,1	80,8,1	176,8,1	176,8,1	104,8,1	96,8,1	112,8,1	112,8,1	96,8,1	80,8,1	96,8,1	112,8,1	96,8,1	48,8,1	120,8,1	112,8,1	112,8,1
Ph«n ß«u 38	80,8,1	80,8,1	80,8,1	64,8,1	64,8,1	96,8,1	64,8,1	64,8,1	120,8,1	120,8,1	80,8,1	88,8,1	96,8,1	96,8,1	96,8,1	96,8,1	96,8,1	248,8,1	248,8,1	96,8,1	96,8,1	96,8,1	96,8,1	96,8,1	96,8,1	96,8,1	96,8,1	192,8,1	64,8,1	64,8,1	48,8,1	48,8,1	104,8,1	104,8,1	88,8,1	104,8,1	120,8,1	80,8,1	80,8,1	96,8,1	96,8,1	96,8,1	96,8,1	104,8,1	104,8,1	104,8,1	96,8,1	128,8,1	96,8,1	232,8,1	192,8,1	232,8,1	192,8,1	144,8,1	240,8,1	96,8,1	96,8,1	80,8,1	96,8,1	80,8,1	176,8,1	176,8,1	104,8,1	96,8,1	112,8,1	112,8,1	96,8,1	80,8,1	96,8,1	112,8,1	96,8,1	48,8,1	112,8,1	112,8,1	112,8,1
Ph«n ß«u 39	80,8,1	80,8,1	80,8,1	64,8,1	64,8,1	96,8,1	64,8,1	64,8,1	120,8,1	120,8,1	80,8,1	88,8,1	96,8,1	96,8,1	96,8,1	96,8,1	96,8,1	248,8,1	248,8,1	96,8,1	96,8,1	96,8,1	96,8,1	96,8,1	96,8,1	96,8,1	96,8,1	192,8,1	64,8,1	64,8,1	48,8,1	48,8,1	104,8,1	104,8,1	88,8,1	112,8,1	120,8,1	80,8,1	80,8,1	96,8,1	96,8,1	96,8,1	96,8,1	104,8,1	104,8,1	104,8,1	96,8,1	128,8,1	96,8,1	232,8,1	192,8,1	232,8,1	192,8,1	144,8,1	240,8,1	96,8,1	96,8,1	80,8,1	96,8,1	80,8,1	176,8,1	176,8,1	104,8,1	96,8,1	112,8,1	112,8,1	96,8,1	80,8,1	96,8,1	112,8,1	96,8,1	48,8,1	112,8,1	112,8,1	112,8,1
Ph«n ß«u 40	80,8,1	80,8,1	80,8,1	64,8,1	64,8,1	96,8,1	64,8,1	64,8,1	120,8,1	120,8,1	80,8,1	88,8,1	96,8,1	96,8,1	96,8,1	96,8,1	96,8,1	248,8,1	248,8,1	96,8,1	96,8,1	96,8,1	96,8,1	96,8,1	96,8,1	96,8,1	96,8,1	192,8,1	64,8,1	64,8,1	48,8,1	48,8,1	104,8,1	104,8,1	88,8,1	104,8,1	120,8,1	80,8,1	80,8,1	96,8,1	96,8,1	96,8,1	96,8,1	104,8,1	104,8,1	104,8,1	96,8,1	128,8,1	96,8,1	232,8,1	192,8,1	232,8,1	192,8,1	144,8,1	240,8,1	96,8,1	96,8,1	80,8,1	96,8,1	80,8,1	176,8,1	176,8,1	104,8,1	96,8,1	112,8,1	112,8,1	96,8,1	80,8,1	96,8,1	112,8,1	96,8,1	48,8,1	112,8,1	112,8,1	112,8,1
Ph«n ß«u 41	80,8,1	80,8,1	80,8,1	64,8,1	64,8,1	96,8,1	64,8,1	64,8,1	120,8,1	120,8,1	80,8,1	88,8,1	96,8,1	96,8,1	96,8,1	96,8,1	96,8,1	248,8,1	248,8,1	96,8,1	96,8,1	96,8,1	96,8,1	96,8,1	96,8,1	96,8,1	96,8,1	192,8,1	64,8,1	64,8,1	48,8,1	48,8,1	104,8,1	104,8,1	88,8,1	104,8,1	120,8,1	80,8,1	80,8,1	96,8,1	96,8,1	96,8,1	96,8,1	112,8,1	104,8,1	104,8,1	96,8,1	128,8,1	96,8,1	232,8,1	192,8,1	232,8,1	192,8,1	144,8,1	240,8,1	96,8,1	96,8,1	80,8,1	96,8,1	80,8,1	176,8,1	176,8,1	104,8,1	96,8,1	112,8,1	112,8,1	96,8,1	80,8,1	96,8,1	112,8,1	96,8,1	48,8,1	112,8,1	112,8,1	112,8,1
Ph«n ß«u 42	80,8,1	80,8,1	80,8,1	64,8,1	64,8,1	96,8,1	64,8,1	64,8,1	120,8,1	120,8,1	80,8,1	88,8,1	96,8,1	96,8,1	96,8,1	96,8,1	96,8,1	248,8,1	248,8,1	96,8,1	96,8,1	96,8,1	96,8,1	96,8,1	96,8,1	96,8,1	96,8,1	192,8,1	64,8,1	64,8,1	48,8,1	48,8,1	104,8,1	104,8,1	88,8,1	104,8,1	120,8,1	80,8,1	80,8,1	96,8,1	96,8,1	96,8,1	96,8,1	104,8,1	104,8,1	104,8,1	96,8,1	128,8,1	96,8,1	232,8,1	192,8,1	232,8,1	192,8,1	144,8,1	240,8,1	96,8,1	96,8,1	80,8,1	96,8,1	80,8,1	176,8,1	176,8,1	104,8,1	96,8,1	112,8,1	112,8,1	96,8,1	80,8,1	96,8,1	112,8,1	96,8,1	48,8,1	112,8,1	112,8,1	112,8,1
Ph«n ß«u 43	80,8,1	80,8,1	80,8,1	64,8,1	64,8,1	96,8,1	64,8,1	64,8,1	120,8,1	120,8,1	80,8,1	88,8,1	96,8,1	96,8,1	96,8,1	96,8,1	96,8,1	248,8,1	248,8,1	96,8,1	96,8,1	96,8,1	96,8,1	96,8,1	96,8,1	96,8,1	96,8,1	192,8,1	64,8,1	64,8,1	56,8,1	48,8,1	104,8,1	104,8,1	88,8,1	104,8,1	120,8,1	80,8,1	80,8,1	96,8,1	96,8,1	96,8,1	96,8,1	104,8,1	104,8,1	104,8,1	96,8,1	128,8,1	96,8,1	232,8,1	192,8,1	232,8,1	192,8,1	144,8,1	240,8,1	96,8,1	96,8,1	80,8,1	96,8,1	80,8,1	176,8,1	176,8,1	104,8,1	96,8,1	112,8,1	112,8,1	96,8,1	80,8,1	96,8,1	112,8,1	12,1,1	48,8,1	112,8,1	112,8,1	112,8,1
Ph«n ß«u 44	80,8,1	80,8,1	80,8,1	64,8,1	64,8,1	96,8,1	64,8,1	64,8,1	120,8,1	120,8,1	80,8,1	88,8,1	96,8,1	96,8,1	96,8,1	96,8,1	96,8,1	248,8,1	248,8,1	96,8,1	96,8,1	96,8,1	96,8,1	96,8,1	96,8,1	96,8,1	96,8,1	192,8,1	64,8,1	64,8,1	48,8,1	48,8,1	104,8,1	104,8,1	88,8,1	104,8,1	120,8,1	80,8,1	80,8,1	96,8,1	96,8,1	96,8,1	96,8,1	104,8,1	104,8,1	104,8,1	96,8,1	128,8,1	96,8,1	232,8,1	192,8,1	232,8,1	192,8,1	144,8,1	240,8,1	96,8,1	104,8,1	80,8,1	96,8,1	80,8,1	176,8,1	176,8,1	104,8,1	96,8,1	112,8,1	112,8,1	96,8,1	80,8,1	96,8,1	112,8,1	96,8,1	48,8,1	112,8,1	112,8,1	112,8,1
Ph«n ß«u 45	80,8,1	80,8,1							120,8,1	120,8,1	80,8,1	88,8,1						248,8,1	248,8,1	96,8,1						96,8,1	96,8,1	192,8,1					104,8,1	104,8,1	88,8,1					96,8,1	96,8,1	96,8,1								232,8,1	192,8,1	232,8,1	192,8,1	144,8,1	240,8,1						176,8,1	176,8,1	104,8,1												
Ph«n ß«u 46	80,8,1	80,8,1	80,8,1	64,8,1	64,8,1	96,8,1	64,8,1	64,8,1	120,8,1	120,8,1	80,8,1	88,8,1	96,8,1	96,8,1	96,8,1	96,8,1	96,8,1	248,8,1	248,8,1	96,8,1	96,8,1	96,8,1	96,8,1	96,8,1	96,8,1	96,8,1	96,8,1	192,8,1	64,8,1	64,8,1	48,8,1	48,8,1	104,8,1	104,8,1	88,8,1	104,8,1	120,8,1	80,8,1	80,8,1	96,8,1	96,8,1	96,8,1	96,8,1	104,8,1	104,8,1	104,8,1	96,8,1	128,8,1	96,8,1	232,8,1	192,8,1	232,8,1	192,8,1	144,8,1	240,8,1	96,8,1	96,8,1	80,8,1	96,8,1	80,8,1	176,8,1	176,8,1	104,8,1	96,8,1	112,8,1	112,8,1	96,8,1	80,8,1	96,8,1	112,8,1	96,8,1	48,8,1	112,8,1	112,8,1	112,8,1
Ph«n ß«u 47	80,8,1	80,8,1	80,8,1	64,8,1	64,8,1	96,8,1	64,8,1	64,8,1	120,8,1	120,8,1	80,8,1	88,8,1	96,8,1	96,8,1	96,8,1	96,8,1	96,8,1	248,8,1	248,8,1	96,8,1	96,8,1	96,8,1	96,8,1	96,8,1	96,8,1	96,8,1	96,8,1	192,8,1	64,8,1	64,8,1	48,8,1	48,8,1	104,8,1	104,8,1	88,8,1	104,8,1	120,8,1	80,8,1	80,8,1	96,8,1	96,8,1	96,8,1	96,8,1	104,8,1	104,8,1	104,8,1	96,8,1	128,8,1	96,8,1	232,8,1	192,8,1	232,8,1	192,8,1	144,8,1	240,8,1	96,8,1	96,8,1	80,8,1	96,8,1	80,8,1	176,8,1	176,8,1	104,8,1	96,8,1	112,8,1	112,8,1	96,8,1	80,8,1	96,8,1	112,8,1	96,8,1	48,8,1	112,8,1	112,8,1	112,8,1
Ph«n ß«u 48	80,8,1	80,8,1	80,8,1	64,8,1	64,8,1	96,8,1	64,8,1	64,8,1	120,8,1	120,8,1	80,8,1	88,8,1	96,8,1	96,8,1	96,8,1	96,8,1	96,8,1	248,8,1	248,8,1	96,8,1	96,8,1	96,8,1	96,8,1	96,8,1	96,8,1	96,8,1	96,8,1	192,8,1	64,8,1	64,8,1	48,8,1	48,8,1	104,8,1	104,8,1	88,8,1	104,8,1	128,8,1	80,8,1	80,8,1	96,8,1	96,8,1	96,8,1	96,8,1	104,8,1	104,8,1	104,8,1	96,8,1	128,8,1	96,8,1	232,8,1	192,8,1	232,8,1	192,8,1	144,8,1	240,8,1	96,8,1	96,8,1	80,8,1	96,8,1	80,8,1	176,8,1	176,8,1	104,8,1	96,8,1	112,8,1	112,8,1	96,8,1	80,8,1	96,8,1	112,8,1	96,8,1	48,8,1	112,8,1	112,8,1	112,8,1
Ph«n ß«u 49	80,8,1	80,8,1	80,8,1	64,8,1	64,8,1	96,8,1	64,8,1	64,8,1	120,8,1	120,8,1	80,8,1	88,8,1	96,8,1	96,8,1	96,8,1	96,8,1	96,8,1	248,8,1	248,8,1	96,8,1	96,8,1	96,8,1	96,8,1	96,8,1	96,8,1	96,8,1	96,8,1	192,8,1	64,8,1	64,8,1	48,8,1	48,8,1	104,8,1	104,8,1	88,8,1	104,8,1	120,8,1	80,8,1	80,8,1	96,8,1	96,8,1	96,8,1	96,8,1	104,8,1	104,8,1	104,8,1	96,8,1	128,8,1	96,8,1	232,8,1	192,8,1	232,8,1	192,8,1	144,8,1	240,8,1	96,8,1	96,8,1	80,8,1	96,8,1	80,8,1	176,8,1	176,8,1	104,8,1	96,8,1	112,8,1	112,8,1	96,8,1	80,8,1	96,8,1	112,8,1	96,8,1	56,8,1	120,8,1	112,8,1	112,8,1
Ph«n ß«u 50	80,8,1	80,8,1	80,8,1	64,8,1	64,8,1	96,8,1	64,8,1	64,8,1	120,8,1	120,8,1	80,8,1	88,8,1	96,8,1	96,8,1	96,8,1	96,8,1	96,8,1	248,8,1	248,8,1	96,8,1	96,8,1	96,8,1	96,8,1	96,8,1	96,8,1	96,8,1	96,8,1	192,8,1	64,8,1	64,8,1	48,8,1	48,8,1	104,8,1	104,8,1	88,8,1	104,8,1	120,8,1	80,8,1	80,8,1	96,8,1	96,8,1	96,8,1	96,8,1	104,8,1	104,8,1	104,8,1	96,8,1	128,8,1	96,8,1	232,8,1	192,8,1	232,8,1	192,8,1	144,8,1	240,8,1	96,8,1	96,8,1	80,8,1	96,8,1	80,8,1	176,8,1	176,8,1	104,8,1	96,8,1	112,8,1	112,8,1	96,8,1	80,8,1	96,8,1	112,8,1	96,8,1	48,8,1	112,8,1	112,8,1	112,8,1
Ph«n ß«u 51	80,8,1	80,8,1	80,8,1	64,8,1	64,8,1	96,8,1	64,8,1	64,8,1	120,8,1	120,8,1	80,8,1	88,8,1	96,8,1	96,8,1	96,8,1	96,8,1	96,8,1	248,8,1	248,8,1	96,8,1	96,8,1	96,8,1	96,8,1	96,8,1	96,8,1	96,8,1	96,8,1	192,8,1	64,8,1	64,8,1	48,8,1	48,8,1	104,8,1	104,8,1	88,8,1	104,8,1	120,8,1	80,8,1	80,8,1	96,8,1	96,8,1	96,8,1	96,8,1	104,8,1	104,8,1	104,8,1	96,8,1	128,8,1	96,8,1	232,8,1	192,8,1	232,8,1	192,8,1	144,8,1	240,8,1	96,8,1	96,8,1	80,8,1	96,8,1	80,8,1	176,8,1	176,8,1	104,8,1	96,8,1	112,8,1	112,8,1	96,8,1	80,8,1	96,8,1	112,8,1	96,8,1	48,8,1	112,8,1	112,8,1	112,8,1
Ph«n ß«u 52	80,8,1	80,8,1	80,8,1	64,8,1	64,8,1	96,8,1	64,8,1	64,8,1	120,8,1	120,8,1	80,8,1	88,8,1	96,8,1	96,8,1	96,8,1	96,8,1	96,8,1	248,8,1	248,8,1	96,8,1	96,8,1	96,8,1	96,8,1	96,8,1	96,8,1	96,8,1	96,8,1	192,8,1	72,8,1	64,8,1	48,8,1	48,8,1	104,8,1	104,8,1	88,8,1	104,8,1	120,8,1	80,8,1	80,8,1	96,8,1	96,8,1	96,8,1	96,8,1	104,8,1	104,8,1	104,8,1	96,8,1	128,8,1	96,8,1	232,8,1	192,8,1	232,8,1	192,8,1	144,8,1	240,8,1	96,8,1	96,8,1	80,8,1	96,8,1	80,8,1	176,8,1	176,8,1	104,8,1	96,8,1	112,8,1	112,8,1	96,8,1	80,8,1	96,8,1	112,8,1	96,8,1	48,8,1	112,8,1	112,8,1	112,8,1
Ph«n ß«u 53	80,8,1	80,8,1	80,8,1	64,8,1	64,8,1	96,8,1	64,8,1	64,8,1	120,8,1	120,8,1	80,8,1	88,8,1	96,8,1	96,8,1	96,8,1	96,8,1	96,8,1	248,8,1	248,8,1	96,8,1	96,8,1	96,8,1	96,8,1	96,8,1	96,8,1	96,8,1	96,8,1	192,8,1	64,8,1	64,8,1	48,8,1	48,8,1	104,8,1	104,8,1	88,8,1	104,8,1	120,8,1	80,8,1	80,8,1	96,8,1	96,8,1	96,8,1	96,8,1	104,8,1	104,8,1	104,8,1	96,8,1	128,8,1	96,8,1	232,8,1	192,8,1	232,8,1	192,8,1	144,8,1	240,8,1	96,8,1	96,8,1	80,8,1	96,8,1	80,8,1	176,8,1	176,8,1	104,8,1	96,8,1	112,8,1	112,8,1	96,8,1	80,8,1	96,8,1	112,8,1	96,8,1	48,8,1	120,8,1	112,8,1	112,8,1
Ph«n ß«u 54	80,8,1	80,8,1	80,8,1	64,8,1	64,8,1	104,8,1	64,8,1	64,8,1	120,8,1	120,8,1	80,8,1	88,8,1	96,8,1	96,8,1	104,8,1	96,8,1	104,8,1	248,8,1	248,8,1	96,8,1	96,8,1	96,8,1	96,8,1	96,8,1	96,8,1	96,8,1	96,8,1	192,8,1	64,8,1	64,8,1	48,8,1	48,8,1	104,8,1	104,8,1	88,8,1	104,8,1	128,8,1	80,8,1	80,8,1	96,8,1	96,8,1	96,8,1	96,8,1	104,8,1	104,8,1	104,8,1	96,8,1	128,8,1	96,8,1	232,8,1	192,8,1	232,8,1	192,8,1	144,8,1	240,8,1	96,8,1	96,8,1	80,8,1	96,8,1	80,8,1	176,8,1	176,8,1	104,8,1	96,8,1	112,8,1	112,8,1	96,8,1	80,8,1	96,8,1	112,8,1	104,8,1	48,8,1	120,8,1	112,8,1	112,8,1
Ph«n ß«u 55	80,8,1	80,8,1	80,8,1	64,8,1	64,8,1	96,8,1	64,8,1	64,8,1	120,8,1	120,8,1	80,8,1	88,8,1	96,8,1	96,8,1	96,8,1	96,8,1	96,8,1	248,8,1	248,8,1	96,8,1	96,8,1	96,8,1	96,8,1	96,8,1	96,8,1	96,8,1	96,8,1	192,8,1	64,8,1	64,8,1	48,8,1	48,8,1	104,8,1	104,8,1	88,8,1	104,8,1	120,8,1	80,8,1	80,8,1	96,8,1	96,8,1	96,8,1	96,8,1	104,8,1	104,8,1	104,8,1	96,8,1	128,8,1	96,8,1	232,8,1	192,8,1	232,8,1	192,8,1	144,8,1	240,8,1	96,8,1	96,8,1	80,8,1	96,8,1	80,8,1	176,8,1	176,8,1	104,8,1	96,8,1	112,8,1	112,8,1	96,8,1	80,8,1	96,8,1	112,8,1	96,8,1	48,8,1	112,8,1	112,8,1	112,8,1
Ph«n ß«u 56	80,8,1	80,8,1							120,8,1	120,8,1	80,8,1	88,8,1						248,8,1	248,8,1	96,8,1						96,8,1	96,8,1	192,8,1					104,8,1	104,8,1	88,8,1					96,8,1	96,8,1	96,8,1								232,8,1	192,8,1	232,8,1	192,8,1	144,8,1	240,8,1						176,8,1	176,8,1	104,8,1												
Ph«n ß«u 57	80,8,1	80,8,1							120,8,1	120,8,1	80,8,1	88,8,1						248,8,1	248,8,1	96,8,1						96,8,1	96,8,1	192,8,1					104,8,1	104,8,1	88,8,1					96,8,1	96,8,1	96,8,1								232,8,1	192,8,1	232,8,1	192,8,1	144,8,1	240,8,1						176,8,1	176,8,1	104,8,1												
Ph«n ß«u 58	80,8,1	80,8,1							120,8,1	120,8,1	80,8,1	88,8,1						248,8,1	248,8,1	96,8,1						96,8,1	96,8,1	192,8,1					104,8,1	104,8,1	88,8,1					96,8,1	96,8,1	96,8,1								232,8,1	192,8,1	232,8,1	192,8,1	144,8,1	240,8,1						176,8,1	176,8,1	104,8,1												
Ph«n ß«u 59	80,8,1	80,8,1							120,8,1	120,8,1	80,8,1	88,8,1						248,8,1	248,8,1	96,8,1						96,8,1	96,8,1	192,8,1					104,8,1	104,8,1	88,8,1					96,8,1	96,8,1	96,8,1								232,8,1	192,8,1	232,8,1	192,8,1	144,8,1	240,8,1						176,8,1	176,8,1	104,8,1												
Ph«n ß«u 60	80,8,1	80,8,1							120,8,1	120,8,1	80,8,1	88,8,1						248,8,1	248,8,1	96,8,1						96,8,1	96,8,1	192,8,1					104,8,1	104,8,1	88,8,1					96,8,1	96,8,1	96,8,1								232,8,1	192,8,1	232,8,1	192,8,1	144,8,1	240,8,1						176,8,1	176,8,1	104,8,1												
Ph«n ß«u 61	80,8,1	80,8,1							120,8,1	120,8,1	80,8,1	88,8,1						248,8,1	248,8,1	96,8,1						96,8,1	96,8,1	192,8,1					104,8,1	104,8,1	88,8,1					96,8,1	96,8,1	96,8,1								232,8,1	192,8,1	232,8,1	192,8,1	144,8,1	240,8,1						176,8,1	176,8,1	104,8,1												
Ph«n ß«u 62	80,8,1	80,8,1							120,8,1	120,8,1	80,8,1	88,8,1						248,8,1	248,8,1	96,8,1						96,8,1	96,8,1	192,8,1					104,8,1	104,8,1	88,8,1					96,8,1	96,8,1	96,8,1								232,8,1	192,8,1	232,8,1	192,8,1	144,8,1	240,8,1						176,8,1	176,8,1	104,8,1												
Ph«n ß«u 63	80,8,1	80,8,1							120,8,1	120,8,1	80,8,1	88,8,1						248,8,1	248,8,1	96,8,1						96,8,1	96,8,1	192,8,1					104,8,1	104,8,1	88,8,1					96,8,1	96,8,1	96,8,1								232,8,1	192,8,1	232,8,1	192,8,1	144,8,1	240,8,1						176,8,1	176,8,1	104,8,1												
Ph«n ß«u 64	80,8,1	80,8,1							120,8,1	120,8,1	80,8,1	88,8,1						248,8,1	248,8,1	96,8,1						96,8,1	96,8,1	192,8,1					104,8,1	104,8,1	88,8,1					96,8,1	96,8,1	96,8,1								232,8,1	192,8,1	232,8,1	192,8,1	144,8,1	240,8,1						176,8,1	176,8,1	104,8,1												
Ph«n ß«u 65	80,8,1	80,8,1							120,8,1	120,8,1	80,8,1	88,8,1						248,8,1	248,8,1	96,8,1						96,8,1	96,8,1	192,8,1					104,8,1	104,8,1	88,8,1					96,8,1	96,8,1	96,8,1								232,8,1	192,8,1	232,8,1	192,8,1	144,8,1	240,8,1						176,8,1	176,8,1	104,8,1												
Ph«n ß«u 66	80,8,1	80,8,1							120,8,1	120,8,1	80,8,1	88,8,1						248,8,1	248,8,1	96,8,1						96,8,1	96,8,1	192,8,1					104,8,1	104,8,1	88,8,1					96,8,1	96,8,1	96,8,1								232,8,1	192,8,1	232,8,1	192,8,1	144,8,1	240,8,1						176,8,1	176,8,1	104,8,1												
Ph«n ß«u 67	80,8,1	80,8,1							120,8,1	120,8,1	80,8,1	88,8,1						248,8,1	248,8,1	96,8,1						96,8,1	96,8,1	192,8,1					104,8,1	104,8,1	88,8,1					96,8,1	96,8,1	96,8,1								232,8,1	192,8,1	232,8,1	192,8,1	144,8,1	240,8,1						176,8,1	176,8,1	104,8,1												
Ph«n ß«u 68	80,8,1	80,8,1							120,8,1	120,8,1	80,8,1	88,8,1						248,8,1	248,8,1	96,8,1						96,8,1	96,8,1	192,8,1					104,8,1	104,8,1	88,8,1					96,8,1	96,8,1	96,8,1								232,8,1	192,8,1	232,8,1	192,8,1	144,8,1	240,8,1						176,8,1	176,8,1	104,8,1												
Ph«n ß«u 69	80,8,1	80,8,1							120,8,1	120,8,1	80,8,1	88,8,1						248,8,1	248,8,1	96,8,1						96,8,1	96,8,1	192,8,1					104,8,1	104,8,1	88,8,1					96,8,1	96,8,1	96,8,1								232,8,1	192,8,1	232,8,1	192,8,1	144,8,1	240,8,1						176,8,1	176,8,1	104,8,1												
Ph«n ß«u 70	80,8,1	80,8,1							120,8,1	120,8,1	80,8,1	88,8,1						248,8,1	248,8,1	96,8,1						96,8,1	96,8,1	192,8,1					104,8,1	104,8,1	88,8,1					96,8,1	96,8,1	96,8,1								232,8,1	192,8,1	232,8,1	192,8,1	144,8,1	240,8,1						176,8,1	176,8,1	104,8,1												
Ph«n ß«u 71	80,8,1	80,8,1							120,8,1	120,8,1	80,8,1	88,8,1						248,8,1	248,8,1	96,8,1						96,8,1	96,8,1	192,8,1					104,8,1	104,8,1	88,8,1					96,8,1	96,8,1	96,8,1								232,8,1	192,8,1	232,8,1	192,8,1	144,8,1	240,8,1						176,8,1	176,8,1	104,8,1												
Ph«n ß«u 72	80,8,1	80,8,1							120,8,1	120,8,1	80,8,1	88,8,1						248,8,1	248,8,1	96,8,1						96,8,1	96,8,1	192,8,1					104,8,1	104,8,1	88,8,1					96,8,1	96,8,1	96,8,1								232,8,1	192,8,1	232,8,1	192,8,1	144,8,1	240,8,1						176,8,1	176,8,1	104,8,1												
Ph«n ß«u 73	80,8,1	80,8,1							120,8,1	120,8,1	80,8,1	88,8,1						248,8,1	248,8,1	96,8,1						96,8,1	96,8,1	192,8,1					104,8,1	104,8,1	88,8,1					96,8,1	96,8,1	96,8,1								232,8,1	192,8,1	232,8,1	192,8,1	144,8,1	240,8,1						176,8,1	176,8,1	104,8,1												
Ph«n ß«u 74	80,8,1	80,8,1							120,8,1	120,8,1	80,8,1	88,8,1						248,8,1	248,8,1	96,8,1						96,8,1	96,8,1	192,8,1					104,8,1	104,8,1	88,8,1					96,8,1	96,8,1	96,8,1								232,8,1	192,8,1	232,8,1	192,8,1	144,8,1	240,8,1						176,8,1	176,8,1	104,8,1												
Ph«n ß«u 75	80,8,1	80,8,1							120,8,1	120,8,1	80,8,1	88,8,1						248,8,1	248,8,1	96,8,1						96,8,1	96,8,1	192,8,1					104,8,1	104,8,1	88,8,1					96,8,1	96,8,1	96,8,1								232,8,1	192,8,1	232,8,1	192,8,1	144,8,1	240,8,1						176,8,1	176,8,1	104,8,1												
Ph«n ß«u 76	80,8,1	80,8,1							120,8,1	120,8,1	80,8,1	88,8,1						248,8,1	248,8,1	96,8,1						96,8,1	96,8,1	192,8,1					104,8,1	104,8,1	88,8,1					96,8,1	96,8,1	96,8,1								232,8,1	192,8,1	232,8,1	192,8,1	144,8,1	240,8,1						176,8,1	176,8,1	104,8,1												
Ph«n ß«u 77	80,8,1	80,8,1							120,8,1	120,8,1	80,8,1	88,8,1						248,8,1	248,8,1	96,8,1						96,8,1	96,8,1	192,8,1					104,8,1	104,8,1	88,8,1					96,8,1	96,8,1	96,8,1								232,8,1	192,8,1	232,8,1	192,8,1	144,8,1	240,8,1						176,8,1	176,8,1	104,8,1												
Ph«n ß«u 78	80,8,1	80,8,1							120,8,1	120,8,1	80,8,1	88,8,1						248,8,1	248,8,1	96,8,1						96,8,1	96,8,1	192,8,1					104,8,1	104,8,1	88,8,1					96,8,1	96,8,1	96,8,1								232,8,1	192,8,1	232,8,1	192,8,1	144,8,1	240,8,1						176,8,1	176,8,1	104,8,1												
Ph«n ß«u 79	80,8,1	80,8,1							120,8,1	120,8,1	80,8,1	88,8,1						248,8,1	248,8,1	96,8,1						96,8,1	96,8,1	192,8,1					104,8,1	104,8,1	88,8,1					96,8,1	96,8,1	96,8,1								232,8,1	192,8,1	232,8,1	192,8,1	144,8,1	240,8,1						176,8,1	176,8,1	104,8,1												
Ph«n ß«u 80	80,8,1	80,8,1							120,8,1	120,8,1	80,8,1	88,8,1						248,8,1	248,8,1	96,8,1						96,8,1	96,8,1	192,8,1					104,8,1	104,8,1	88,8,1					96,8,1	96,8,1	96,8,1								232,8,1	192,8,1	232,8,1	192,8,1	144,8,1	240,8,1						176,8,1	176,8,1	104,8,1												
Ph«n ß«u 81	80,8,1	80,8,1							120,8,1	120,8,1	80,8,1	88,8,1						248,8,1	248,8,1	96,8,1						96,8,1	96,8,1	192,8,1					104,8,1	104,8,1	88,8,1					96,8,1	96,8,1	96,8,1								232,8,1	192,8,1	232,8,1	192,8,1	144,8,1	240,8,1						176,8,1	176,8,1	104,8,1												
Nguy÷t Khuy’t Chi Tr‰ng Ki’p T®ng Mπo	80,8,1	80,8,1							120,8,1	120,8,1	80,8,1	88,8,1						248,8,1	248,8,1	96,8,1						96,8,1	96,8,1	192,8,1					104,8,1	104,8,1	88,8,1					96,8,1	96,8,1	96,8,1								232,8,1	192,8,1	232,8,1	192,8,1	144,8,1	240,8,1						176,8,1	176,8,1	104,8,1												
Nguy÷t Khuy’t Chi S∏t Ki’p T®ng Mπo	80,8,1	80,8,1							120,8,1	120,8,1	80,8,1	88,8,1						248,8,1	248,8,1	96,8,1						96,8,1	96,8,1	192,8,1					104,8,1	104,8,1	88,8,1					96,8,1	96,8,1	96,8,1								232,8,1	192,8,1	232,8,1	192,8,1	144,8,1	240,8,1						176,8,1	176,8,1	104,8,1												
Nguy÷t Khuy’t Chi Ph∏ Ki’p T®ng Mπo	80,8,1	80,8,1							120,8,1	120,8,1	80,8,1	88,8,1						248,8,1	248,8,1	96,8,1						96,8,1	96,8,1	192,8,1					104,8,1	104,8,1	88,8,1					96,8,1	96,8,1	96,8,1								232,8,1	192,8,1	232,8,1	192,8,1	144,8,1	240,8,1						176,8,1	176,8,1	104,8,1												
Nguy÷t Khuy’t Chi Ph n VÚ Kh´i	80,8,1	80,8,1	80,8,1	64,8,1	64,8,1	96,8,1	64,8,1	64,8,1	120,8,1	120,8,1	80,8,1	88,8,1	96,8,1	96,8,1	96,8,1	96,8,1	96,8,1	248,8,1	248,8,1	96,8,1	96,8,1	96,8,1	96,8,1	96,8,1	96,8,1	96,8,1	96,8,1	192,8,1	64,8,1	64,8,1	48,8,1	48,8,1	104,8,1	104,8,1	88,8,1	104,8,1	120,8,1	80,8,1	80,8,1	96,8,1	96,8,1	96,8,1	96,8,1	104,8,1	104,8,1	104,8,1	96,8,1	128,8,1	96,8,1	232,8,1	192,8,1	232,8,1	192,8,1	144,8,1	240,8,1	96,8,1	96,8,1	80,8,1	96,8,1	80,8,1	176,8,1	176,8,1	104,8,1	96,8,1	112,8,1	112,8,1	96,8,1	80,8,1	96,8,1	112,8,1	96,8,1	48,8,1	112,8,1	112,8,1	112,8,1
Nguy÷t Khuy’t Chi Phong Y™n Kh´i	80,8,1	80,8,1	80,8,1	64,8,1	64,8,1	96,8,1	64,8,1	64,8,1	120,8,1	120,8,1	80,8,1	88,8,1	96,8,1	96,8,1	96,8,1	96,8,1	96,8,1	248,8,1	248,8,1	96,8,1	96,8,1	96,8,1	96,8,1	96,8,1	96,8,1	96,8,1	96,8,1	192,8,1	64,8,1	64,8,1	48,8,1	48,8,1	104,8,1	104,8,1	88,8,1	104,8,1	120,8,1	80,8,1	80,8,1	96,8,1	96,8,1	96,8,1	96,8,1	104,8,1	104,8,1	104,8,1	96,8,1	128,8,1	96,8,1	232,8,1	192,8,1	232,8,1	192,8,1	144,8,1	240,8,1	96,8,1	96,8,1	80,8,1	96,8,1	80,8,1	176,8,1	176,8,1	104,8,1	96,8,1	112,8,1	112,8,1	96,8,1	80,8,1	96,8,1	112,8,1	96,8,1	48,8,1	112,8,1	112,8,1	112,8,1
Nguy÷t Khuy’t Chi Tr≠Îng Kh´ng Kh´i	80,8,1	80,8,1	80,8,1	64,8,1	64,8,1	96,8,1	64,8,1	64,8,1	120,8,1	120,8,1	80,8,1	88,8,1	96,8,1	96,8,1	96,8,1	96,8,1	96,8,1	248,8,1	248,8,1	96,8,1	96,8,1	96,8,1	96,8,1	96,8,1	96,8,1	96,8,1	96,8,1	192,8,1	64,8,1	64,8,1	48,8,1	48,8,1	104,8,1	104,8,1	88,8,1	104,8,1	120,8,1	80,8,1	80,8,1	96,8,1	96,8,1	96,8,1	96,8,1	104,8,1	104,8,1	104,8,1	96,8,1	128,8,1	96,8,1	232,8,1	192,8,1	232,8,1	192,8,1	144,8,1	240,8,1	96,8,1	96,8,1	80,8,1	96,8,1	80,8,1	176,8,1	176,8,1	104,8,1	96,8,1	112,8,1	112,8,1	96,8,1	80,8,1	96,8,1	112,8,1	96,8,1	48,8,1	112,8,1	112,8,1	112,8,1
Nguy÷t Khuy™t Chi Kinh HÂng Ph∏t ßÌi	80,8,1	80,8,1	80,8,1	64,8,1	64,8,1	96,8,1	64,8,1	64,8,1	120,8,1	120,8,1	80,8,1	88,8,1	96,8,1	96,8,1	96,8,1	96,8,1	96,8,1	248,8,1	248,8,1	96,8,1	96,8,1	96,8,1	96,8,1	96,8,1	96,8,1	96,8,1	96,8,1	192,8,1	64,8,1	64,8,1	48,8,1	48,8,1	104,8,1	104,8,1	88,8,1	104,8,1	120,8,1	80,8,1	80,8,1	96,8,1	96,8,1	96,8,1	96,8,1	104,8,1	104,8,1	104,8,1	96,8,1	128,8,1	96,8,1	232,8,1	192,8,1	232,8,1	192,8,1	144,8,1	240,8,1	96,8,1	96,8,1	80,8,1	96,8,1	80,8,1	176,8,1	176,8,1	104,8,1	96,8,1	112,8,1	112,8,1	96,8,1	80,8,1	96,8,1	112,8,1	96,8,1	48,8,1	112,8,1	112,8,1	112,8,1
Nguy÷t Khuy’t Chi Hi”u Nguy÷t Ph∏t ßÌi	80,8,1	80,8,1	80,8,1	64,8,1	64,8,1	96,8,1	64,8,1	64,8,1	120,8,1	120,8,1	80,8,1	88,8,1	96,8,1	96,8,1	96,8,1	96,8,1	96,8,1	248,8,1	248,8,1	96,8,1	96,8,1	96,8,1	96,8,1	96,8,1	96,8,1	96,8,1	96,8,1	192,8,1	64,8,1	64,8,1	48,8,1	48,8,1	104,8,1	104,8,1	88,8,1	104,8,1	120,8,1	80,8,1	80,8,1	96,8,1	96,8,1	96,8,1	96,8,1	104,8,1	104,8,1	104,8,1	96,8,1	128,8,1	96,8,1	232,8,1	192,8,1	232,8,1	192,8,1	144,8,1	240,8,1	96,8,1	96,8,1	80,8,1	96,8,1	80,8,1	176,8,1	176,8,1	104,8,1	96,8,1	112,8,1	112,8,1	96,8,1	80,8,1	96,8,1	112,8,1	96,8,1	48,8,1	112,8,1	112,8,1	112,8,1
Nguy÷t Khuy’t Chi T≠¨ng T≠ Tr©m	80,8,1	80,8,1	80,8,1	64,8,1	64,8,1	96,8,1	64,8,1	64,8,1	120,8,1	120,8,1	80,8,1	88,8,1	96,8,1	96,8,1	96,8,1	96,8,1	96,8,1	248,8,1	248,8,1	96,8,1	96,8,1	96,8,1	96,8,1	96,8,1	96,8,1	96,8,1	96,8,1	192,8,1	64,8,1	64,8,1	48,8,1	48,8,1	104,8,1	104,8,1	88,8,1	104,8,1	120,8,1	80,8,1	80,8,1	96,8,1	96,8,1	96,8,1	96,8,1	104,8,1	104,8,1	104,8,1	96,8,1	128,8,1	96,8,1	232,8,1	192,8,1	232,8,1	192,8,1	144,8,1	240,8,1	96,8,1	96,8,1	80,8,1	96,8,1	80,8,1	176,8,1	176,8,1	104,8,1	96,8,1	112,8,1	112,8,1	96,8,1	80,8,1	96,8,1	112,8,1	96,8,1	48,8,1	112,8,1	112,8,1	112,8,1
Nguy÷t Khuy’t Chi Ph„ng Nguy÷t Tr©m	80,8,1	80,8,1	80,8,1	64,8,1	64,8,1	96,8,1	64,8,1	64,8,1	120,8,1	120,8,1	80,8,1	88,8,1	96,8,1	96,8,1	96,8,1	96,8,1	96,8,1	248,8,1	248,8,1	96,8,1	96,8,1	96,8,1	96,8,1	96,8,1	96,8,1	96,8,1	96,8,1	192,8,1	64,8,1	64,8,1	48,8,1	48,8,1	104,8,1	104,8,1	88,8,1	104,8,1	120,8,1	80,8,1	80,8,1	96,8,1	96,8,1	96,8,1	96,8,1	104,8,1	104,8,1	104,8,1	96,8,1	128,8,1	96,8,1	232,8,1	192,8,1	232,8,1	192,8,1	144,8,1	240,8,1	96,8,1	96,8,1	80,8,1	96,8,1	80,8,1	176,8,1	176,8,1	104,8,1	96,8,1	112,8,1	112,8,1	96,8,1	80,8,1	96,8,1	112,8,1	96,8,1	48,8,1	112,8,1	112,8,1	112,8,1
Nguy÷t Khuy’t Chi B∏ch ßÈc Ph∏t ßÌi	80,8,1	80,8,1	80,8,1	64,8,1	64,8,1	96,8,1	64,8,1	64,8,1	120,8,1	120,8,1	80,8,1	88,8,1	96,8,1	96,8,1	96,8,1	96,8,1	96,8,1	248,8,1	248,8,1	96,8,1	96,8,1	96,8,1	96,8,1	96,8,1	96,8,1	96,8,1	96,8,1	192,8,1	64,8,1	64,8,1	48,8,1	48,8,1	104,8,1	104,8,1	88,8,1	104,8,1	120,8,1	80,8,1	80,8,1	96,8,1	96,8,1	96,8,1	96,8,1	104,8,1	104,8,1	104,8,1	96,8,1	128,8,1	96,8,1	232,8,1	192,8,1	232,8,1	192,8,1	144,8,1	240,8,1	96,8,1	96,8,1	80,8,1	96,8,1	80,8,1	176,8,1	176,8,1	104,8,1	96,8,1	112,8,1	112,8,1	96,8,1	80,8,1	96,8,1	112,8,1	96,8,1	48,8,1	112,8,1	112,8,1	112,8,1
Nguy÷t Khuy’t Chi U Minh Ph∏t ßÌi	80,8,1	80,8,1	80,8,1	64,8,1	64,8,1	96,8,1	64,8,1	64,8,1	120,8,1	120,8,1	80,8,1	88,8,1	96,8,1	96,8,1	96,8,1	96,8,1	96,8,1	248,8,1	248,8,1	96,8,1	96,8,1	96,8,1	96,8,1	96,8,1	96,8,1	96,8,1	96,8,1	192,8,1	64,8,1	64,8,1	48,8,1	48,8,1	104,8,1	104,8,1	88,8,1	104,8,1	120,8,1	80,8,1	80,8,1	96,8,1	96,8,1	96,8,1	96,8,1	104,8,1	104,8,1	104,8,1	96,8,1	128,8,1	96,8,1	232,8,1	192,8,1	232,8,1	192,8,1	144,8,1	240,8,1	96,8,1	96,8,1	80,8,1	96,8,1	80,8,1	176,8,1	176,8,1	104,8,1	96,8,1	112,8,1	112,8,1	96,8,1	80,8,1	96,8,1	112,8,1	96,8,1	48,8,1	112,8,1	112,8,1	112,8,1
Nguy÷t Khuy’t Chi Kh´I M÷nh Quan	80,8,1	80,8,1	80,8,1	64,8,1	64,8,1	96,8,1	64,8,1	64,8,1	120,8,1	120,8,1	80,8,1	88,8,1	96,8,1	96,8,1	96,8,1	96,8,1	96,8,1	248,8,1	248,8,1	96,8,1	96,8,1	96,8,1	96,8,1	96,8,1	96,8,1	96,8,1	96,8,1	192,8,1	64,8,1	64,8,1	48,8,1	48,8,1	104,8,1	104,8,1	88,8,1	104,8,1	120,8,1	80,8,1	80,8,1	96,8,1	96,8,1	96,8,1	96,8,1	104,8,1	104,8,1	104,8,1	96,8,1	128,8,1	96,8,1	232,8,1	192,8,1	232,8,1	192,8,1	144,8,1	240,8,1	96,8,1	96,8,1	80,8,1	96,8,1	80,8,1	176,8,1	176,8,1	104,8,1	96,8,1	112,8,1	112,8,1	96,8,1	80,8,1	96,8,1	112,8,1	96,8,1	48,8,1	112,8,1	112,8,1	112,8,1
Nguy÷t Khuy’t Chi B› ßÈc Quan	80,8,1	80,8,1	80,8,1	64,8,1	64,8,1	96,8,1	64,8,1	64,8,1	120,8,1	120,8,1	80,8,1	88,8,1	96,8,1	96,8,1	96,8,1	96,8,1	96,8,1	248,8,1	248,8,1	96,8,1	96,8,1	96,8,1	96,8,1	96,8,1	96,8,1	96,8,1	96,8,1	192,8,1	64,8,1	64,8,1	48,8,1	48,8,1	104,8,1	104,8,1	88,8,1	104,8,1	120,8,1	80,8,1	80,8,1	96,8,1	96,8,1	96,8,1	96,8,1	104,8,1	104,8,1	104,8,1	96,8,1	128,8,1	96,8,1	232,8,1	192,8,1	232,8,1	192,8,1	144,8,1	240,8,1	96,8,1	96,8,1	80,8,1	96,8,1	80,8,1	176,8,1	176,8,1	104,8,1	96,8,1	112,8,1	112,8,1	96,8,1	80,8,1	96,8,1	112,8,1	96,8,1	48,8,1	112,8,1	112,8,1	112,8,1
Nguy÷t Khuy’t Chi Mπn ßÂ Ph∏t Qu∏n	80,8,1	80,8,1	80,8,1	64,8,1	64,8,1	96,8,1	64,8,1	64,8,1	120,8,1	120,8,1	80,8,1	88,8,1	96,8,1	96,8,1	96,8,1	96,8,1	96,8,1	248,8,1	248,8,1	96,8,1	96,8,1	96,8,1	96,8,1	96,8,1	96,8,1	96,8,1	96,8,1	192,8,1	64,8,1	64,8,1	48,8,1	48,8,1	104,8,1	104,8,1	88,8,1	104,8,1	120,8,1	80,8,1	80,8,1	96,8,1	96,8,1	96,8,1	96,8,1	104,8,1	104,8,1	104,8,1	96,8,1	128,8,1	96,8,1	232,8,1	192,8,1	232,8,1	192,8,1	144,8,1	240,8,1	96,8,1	96,8,1	80,8,1	96,8,1	80,8,1	176,8,1	176,8,1	104,8,1	96,8,1	112,8,1	112,8,1	96,8,1	80,8,1	96,8,1	112,8,1	96,8,1	48,8,1	112,8,1	112,8,1	112,8,1
Nguy÷t Khuy’t Chi X›ch LÚng ß«u Hoµn	80,8,1	80,8,1	80,8,1	64,8,1	64,8,1	96,8,1	64,8,1	64,8,1	120,8,1	120,8,1	80,8,1	88,8,1	96,8,1	96,8,1	96,8,1	96,8,1	96,8,1	248,8,1	248,8,1	96,8,1	96,8,1	96,8,1	96,8,1	96,8,1	96,8,1	96,8,1	96,8,1	192,8,1	64,8,1	64,8,1	48,8,1	48,8,1	104,8,1	104,8,1	88,8,1	104,8,1	120,8,1	80,8,1	80,8,1	96,8,1	96,8,1	96,8,1	96,8,1	104,8,1	104,8,1	104,8,1	96,8,1	128,8,1	96,8,1	232,8,1	192,8,1	232,8,1	192,8,1	144,8,1	240,8,1	96,8,1	96,8,1	80,8,1	96,8,1	80,8,1	176,8,1	176,8,1	104,8,1	96,8,1	112,8,1	112,8,1	96,8,1	80,8,1	96,8,1	112,8,1	96,8,1	48,8,1	112,8,1	112,8,1	112,8,1
Nguy÷t Khuy’t Chi Hµo Ki÷t ß«u Hoµn	80,8,1	80,8,1	80,8,1	64,8,1	64,8,1	96,8,1	64,8,1	64,8,1	120,8,1	120,8,1	80,8,1	88,8,1	96,8,1	96,8,1	96,8,1	96,8,1	96,8,1	248,8,1	248,8,1	96,8,1	96,8,1	96,8,1	96,8,1	96,8,1	96,8,1	96,8,1	96,8,1	192,8,1	64,8,1	64,8,1	48,8,1	48,8,1	104,8,1	104,8,1	88,8,1	104,8,1	120,8,1	80,8,1	80,8,1	96,8,1	96,8,1	96,8,1	96,8,1	104,8,1	104,8,1	104,8,1	96,8,1	128,8,1	96,8,1	232,8,1	192,8,1	232,8,1	192,8,1	144,8,1	240,8,1	96,8,1	96,8,1	80,8,1	96,8,1	80,8,1	176,8,1	176,8,1	104,8,1	96,8,1	112,8,1	112,8,1	96,8,1	80,8,1	96,8,1	112,8,1	96,8,1	48,8,1	112,8,1	112,8,1	112,8,1
Nguy÷t Khuy’t Chi Tham Lang Kh´i	80,8,1	80,8,1	80,8,1	64,8,1	64,8,1	96,8,1	64,8,1	64,8,1	120,8,1	120,8,1	80,8,1	88,8,1	96,8,1	96,8,1	96,8,1	96,8,1	96,8,1	248,8,1	248,8,1	96,8,1	96,8,1	96,8,1	96,8,1	96,8,1	96,8,1	96,8,1	96,8,1	192,8,1	64,8,1	64,8,1	48,8,1	48,8,1	104,8,1	104,8,1	88,8,1	104,8,1	120,8,1	80,8,1	80,8,1	96,8,1	96,8,1	96,8,1	96,8,1	104,8,1	104,8,1	104,8,1	96,8,1	128,8,1	96,8,1	232,8,1	192,8,1	232,8,1	192,8,1	144,8,1	240,8,1	96,8,1	96,8,1	80,8,1	96,8,1	80,8,1	176,8,1	176,8,1	104,8,1	96,8,1	112,8,1	112,8,1	96,8,1	80,8,1	96,8,1	112,8,1	96,8,1	48,8,1	112,8,1	112,8,1	112,8,1
Nguy÷t Khuy’t Chi Li÷t D≠¨ng Quan Mi÷n	80,8,1	80,8,1	80,8,1	64,8,1	64,8,1	96,8,1	64,8,1	64,8,1	120,8,1	120,8,1	80,8,1	88,8,1	96,8,1	96,8,1	96,8,1	96,8,1	96,8,1	248,8,1	248,8,1	96,8,1	96,8,1	96,8,1	96,8,1	96,8,1	96,8,1	96,8,1	96,8,1	192,8,1	64,8,1	64,8,1	48,8,1	48,8,1	104,8,1	104,8,1	88,8,1	104,8,1	120,8,1	80,8,1	80,8,1	96,8,1	96,8,1	96,8,1	96,8,1	104,8,1	104,8,1	104,8,1	96,8,1	128,8,1	96,8,1	232,8,1	192,8,1	232,8,1	192,8,1	144,8,1	240,8,1	96,8,1	96,8,1	80,8,1	96,8,1	80,8,1	176,8,1	176,8,1	104,8,1	96,8,1	112,8,1	112,8,1	96,8,1	80,8,1	96,8,1	112,8,1	96,8,1	48,8,1	112,8,1	112,8,1	112,8,1
Nguy÷t Khuy’t Chi Linh ßÈng Quan	80,8,1	80,8,1	80,8,1	64,8,1	64,8,1	96,8,1	64,8,1	64,8,1	120,8,1	120,8,1	80,8,1	88,8,1	96,8,1	96,8,1	96,8,1	96,8,1	96,8,1	248,8,1	248,8,1	96,8,1	96,8,1	96,8,1	96,8,1	96,8,1	96,8,1	96,8,1	96,8,1	192,8,1	64,8,1	64,8,1	48,8,1	48,8,1	104,8,1	104,8,1	88,8,1	104,8,1	120,8,1	80,8,1	80,8,1	96,8,1	96,8,1	96,8,1	96,8,1	104,8,1	104,8,1	104,8,1	96,8,1	128,8,1	96,8,1	232,8,1	192,8,1	232,8,1	192,8,1	144,8,1	240,8,1	96,8,1	96,8,1	80,8,1	96,8,1	80,8,1	176,8,1	176,8,1	104,8,1	96,8,1	112,8,1	112,8,1	96,8,1	80,8,1	96,8,1	112,8,1	96,8,1	48,8,1	112,8,1	112,8,1	112,8,1
Nguy÷t Khuy’t Chi Huy‘n ∂nh Quan	80,8,1	80,8,1	80,8,1	64,8,1	64,8,1	96,8,1	64,8,1	64,8,1	120,8,1	120,8,1	80,8,1	88,8,1	96,8,1	96,8,1	96,8,1	96,8,1	96,8,1	248,8,1	248,8,1	96,8,1	96,8,1	96,8,1	96,8,1	96,8,1	96,8,1	96,8,1	96,8,1	192,8,1	64,8,1	64,8,1	48,8,1	48,8,1	104,8,1	104,8,1	88,8,1	104,8,1	120,8,1	80,8,1	80,8,1	96,8,1	96,8,1	96,8,1	96,8,1	104,8,1	104,8,1	104,8,1	96,8,1	128,8,1	96,8,1	232,8,1	192,8,1	232,8,1	192,8,1	144,8,1	240,8,1	96,8,1	96,8,1	80,8,1	96,8,1	80,8,1	176,8,1	176,8,1	104,8,1	96,8,1	112,8,1	112,8,1	96,8,1	80,8,1	96,8,1	112,8,1	96,8,1	48,8,1	112,8,1	112,8,1	112,8,1
Nguy÷t Khuy’t Chi L®ng Ph„ng ßπo Quan	80,8,1	80,8,1	80,8,1	64,8,1	64,8,1	96,8,1	64,8,1	64,8,1	120,8,1	120,8,1	80,8,1	88,8,1	96,8,1	96,8,1	96,8,1	96,8,1	96,8,1	248,8,1	248,8,1	96,8,1	96,8,1	96,8,1	96,8,1	96,8,1	96,8,1	96,8,1	96,8,1	192,8,1	64,8,1	64,8,1	48,8,1	48,8,1	104,8,1	104,8,1	88,8,1	104,8,1	120,8,1	80,8,1	80,8,1	96,8,1	96,8,1	96,8,1	96,8,1	104,8,1	104,8,1	104,8,1	96,8,1	128,8,1	96,8,1	232,8,1	192,8,1	232,8,1	192,8,1	144,8,1	240,8,1	96,8,1	96,8,1	80,8,1	96,8,1	80,8,1	176,8,1	176,8,1	104,8,1	96,8,1	112,8,1	112,8,1	96,8,1	80,8,1	96,8,1	112,8,1	96,8,1	48,8,1	112,8,1	112,8,1	112,8,1
Nguy÷t Khuy’t Chi MÈc VÚ ßπo Quan	80,8,1	80,8,1	80,8,1	64,8,1	64,8,1	96,8,1	64,8,1	64,8,1	120,8,1	120,8,1	80,8,1	88,8,1	96,8,1	96,8,1	96,8,1	96,8,1	96,8,1	248,8,1	248,8,1	96,8,1	96,8,1	96,8,1	96,8,1	96,8,1	96,8,1	96,8,1	96,8,1	192,8,1	64,8,1	64,8,1	48,8,1	48,8,1	104,8,1	104,8,1	88,8,1	104,8,1	120,8,1	80,8,1	80,8,1	96,8,1	96,8,1	96,8,1	96,8,1	104,8,1	104,8,1	104,8,1	96,8,1	128,8,1	96,8,1	232,8,1	192,8,1	232,8,1	192,8,1	144,8,1	240,8,1	96,8,1	96,8,1	80,8,1	96,8,1	80,8,1	176,8,1	176,8,1	104,8,1	96,8,1	112,8,1	112,8,1	96,8,1	80,8,1	96,8,1	112,8,1	96,8,1	48,8,1	112,8,1	112,8,1	112,8,1
Nguy÷t Khuy’t Chi Thanh Ph„ng Quan	80,8,1	80,8,1	80,8,1	64,8,1	64,8,1	96,8,1	64,8,1	64,8,1	120,8,1	120,8,1	80,8,1	88,8,1	96,8,1	96,8,1	96,8,1	96,8,1	96,8,1	248,8,1	248,8,1	96,8,1	96,8,1	96,8,1	96,8,1	96,8,1	96,8,1	96,8,1	96,8,1	192,8,1	64,8,1	64,8,1	48,8,1	48,8,1	104,8,1	104,8,1	88,8,1	104,8,1	120,8,1	80,8,1	80,8,1	96,8,1	96,8,1	96,8,1	96,8,1	104,8,1	104,8,1	104,8,1	96,8,1	128,8,1	96,8,1	232,8,1	192,8,1	232,8,1	192,8,1	144,8,1	240,8,1	96,8,1	96,8,1	80,8,1	96,8,1	80,8,1	176,8,1	176,8,1	104,8,1	96,8,1	112,8,1	112,8,1	96,8,1	80,8,1	96,8,1	112,8,1	96,8,1	48,8,1	112,8,1	112,8,1	112,8,1
Nguy÷t Khuy’t Chi DÀt ∂nh Quan	80,8,1	80,8,1	80,8,1	64,8,1	64,8,1	96,8,1	64,8,1	64,8,1	120,8,1	120,8,1	80,8,1	88,8,1	96,8,1	96,8,1	96,8,1	96,8,1	96,8,1	248,8,1	248,8,1	96,8,1	96,8,1	96,8,1	96,8,1	96,8,1	96,8,1	96,8,1	96,8,1	192,8,1	64,8,1	64,8,1	48,8,1	48,8,1	104,8,1	104,8,1	88,8,1	104,8,1	120,8,1	80,8,1	80,8,1	96,8,1	96,8,1	96,8,1	96,8,1	104,8,1	104,8,1	104,8,1	96,8,1	128,8,1	96,8,1	232,8,1	192,8,1	232,8,1	192,8,1	144,8,1	240,8,1	96,8,1	96,8,1	80,8,1	96,8,1	80,8,1	176,8,1	176,8,1	104,8,1	96,8,1	112,8,1	112,8,1	96,8,1	80,8,1	96,8,1	112,8,1	96,8,1	48,8,1	112,8,1	112,8,1	112,8,1
Di÷u D≠¨ng Chi MÈng LÚng T®ng Mπo	80,8,1	80,8,1							120,8,1	120,8,1	80,8,1	88,8,1						248,8,1	248,8,1	96,8,1						96,8,1	96,8,1	192,8,1					104,8,1	104,8,1	88,8,1					96,8,1	96,8,1	96,8,1								232,8,1	192,8,1	232,8,1	192,8,1	144,8,1	240,8,1						176,8,1	176,8,1	104,8,1												
Di÷u D≠¨ng Chi PhÙc Ma T®ng Mπo	80,8,1	80,8,1							120,8,1	120,8,1	80,8,1	88,8,1						248,8,1	248,8,1	96,8,1						96,8,1	96,8,1	192,8,1					104,8,1	104,8,1	88,8,1					96,8,1	96,8,1	96,8,1								232,8,1	192,8,1	232,8,1	192,8,1	144,8,1	240,8,1						176,8,1	176,8,1	104,8,1												
Di÷u D≠¨ng Chi T¯ Kh´ng T®ng Mπo	80,8,1	80,8,1							120,8,1	120,8,1	80,8,1	88,8,1						248,8,1	248,8,1	96,8,1						96,8,1	96,8,1	192,8,1					104,8,1	104,8,1	88,8,1					96,8,1	96,8,1	96,8,1								232,8,1	192,8,1	232,8,1	192,8,1	144,8,1	240,8,1						176,8,1	176,8,1	104,8,1												
Di÷u D≠¨ng Chi H∏m Thi™n Kh´i	80,8,1	80,8,1	80,8,1	64,8,1	64,8,1	96,8,1	64,8,1	64,8,1	120,8,1	120,8,1	80,8,1	88,8,1	96,8,1	96,8,1	96,8,1	96,8,1	96,8,1	248,8,1	248,8,1	96,8,1	96,8,1	96,8,1	96,8,1	96,8,1	96,8,1	96,8,1	96,8,1	192,8,1	64,8,1	64,8,1	48,8,1	48,8,1	104,8,1	104,8,1	88,8,1	104,8,1	120,8,1	80,8,1	80,8,1	96,8,1	96,8,1	96,8,1	96,8,1	104,8,1	104,8,1	104,8,1	96,8,1	128,8,1	96,8,1	232,8,1	192,8,1	232,8,1	192,8,1	144,8,1	240,8,1	96,8,1	96,8,1	80,8,1	96,8,1	80,8,1	176,8,1	176,8,1	104,8,1	96,8,1	112,8,1	112,8,1	96,8,1	80,8,1	96,8,1	112,8,1	96,8,1	48,8,1	112,8,1	112,8,1	112,8,1
Di÷u D≠¨ng Chi K’ Nghi÷p Kh´i	80,8,1	80,8,1	80,8,1	64,8,1	64,8,1	96,8,1	64,8,1	64,8,1	120,8,1	120,8,1	80,8,1	88,8,1	96,8,1	96,8,1	96,8,1	96,8,1	96,8,1	248,8,1	248,8,1	96,8,1	96,8,1	96,8,1	96,8,1	96,8,1	96,8,1	96,8,1	96,8,1	192,8,1	64,8,1	64,8,1	48,8,1	48,8,1	104,8,1	104,8,1	88,8,1	104,8,1	120,8,1	80,8,1	80,8,1	96,8,1	96,8,1	96,8,1	96,8,1	104,8,1	104,8,1	104,8,1	96,8,1	128,8,1	96,8,1	232,8,1	192,8,1	232,8,1	192,8,1	144,8,1	240,8,1	96,8,1	96,8,1	80,8,1	96,8,1	80,8,1	176,8,1	176,8,1	104,8,1	96,8,1	112,8,1	112,8,1	96,8,1	80,8,1	96,8,1	112,8,1	96,8,1	48,8,1	112,8,1	112,8,1	112,8,1
Di÷u D≠¨ng Chi Ng˘ LÚng Kh´i	80,8,1	80,8,1	80,8,1	64,8,1	64,8,1	96,8,1	64,8,1	64,8,1	120,8,1	120,8,1	80,8,1	88,8,1	96,8,1	96,8,1	96,8,1	96,8,1	96,8,1	248,8,1	248,8,1	96,8,1	96,8,1	96,8,1	96,8,1	96,8,1	96,8,1	96,8,1	96,8,1	192,8,1	64,8,1	64,8,1	48,8,1	48,8,1	104,8,1	104,8,1	88,8,1	104,8,1	120,8,1	80,8,1	80,8,1	96,8,1	96,8,1	96,8,1	96,8,1	104,8,1	104,8,1	104,8,1	96,8,1	128,8,1	96,8,1	232,8,1	192,8,1	232,8,1	192,8,1	144,8,1	240,8,1	96,8,1	96,8,1	80,8,1	96,8,1	80,8,1	176,8,1	176,8,1	104,8,1	96,8,1	112,8,1	112,8,1	96,8,1	80,8,1	96,8,1	112,8,1	96,8,1	48,8,1	112,8,1	112,8,1	112,8,1
Di÷u D≠¨ng Chi V´ D∂n Ph∏t ßÌi	80,8,1	80,8,1	80,8,1	64,8,1	64,8,1	96,8,1	64,8,1	64,8,1	120,8,1	120,8,1	80,8,1	88,8,1	96,8,1	96,8,1	96,8,1	96,8,1	96,8,1	248,8,1	248,8,1	96,8,1	96,8,1	96,8,1	96,8,1	96,8,1	96,8,1	96,8,1	96,8,1	192,8,1	64,8,1	64,8,1	48,8,1	48,8,1	104,8,1	104,8,1	88,8,1	104,8,1	120,8,1	80,8,1	80,8,1	96,8,1	96,8,1	96,8,1	96,8,1	104,8,1	104,8,1	104,8,1	96,8,1	128,8,1	96,8,1	232,8,1	192,8,1	232,8,1	192,8,1	144,8,1	240,8,1	96,8,1	96,8,1	80,8,1	96,8,1	80,8,1	176,8,1	176,8,1	104,8,1	96,8,1	112,8,1	112,8,1	96,8,1	80,8,1	96,8,1	112,8,1	96,8,1	48,8,1	112,8,1	112,8,1	112,8,1
Di÷u D≠¨ng Chi V´ Y”m Ph∏t ßÌi	80,8,1	80,8,1	80,8,1	64,8,1	64,8,1	96,8,1	64,8,1	64,8,1	120,8,1	120,8,1	80,8,1	88,8,1	96,8,1	96,8,1	96,8,1	96,8,1	96,8,1	248,8,1	248,8,1	96,8,1	96,8,1	96,8,1	96,8,1	96,8,1	96,8,1	96,8,1	96,8,1	192,8,1	64,8,1	64,8,1	48,8,1	48,8,1	104,8,1	104,8,1	88,8,1	104,8,1	120,8,1	80,8,1	80,8,1	96,8,1	96,8,1	96,8,1	96,8,1	104,8,1	104,8,1	104,8,1	96,8,1	128,8,1	96,8,1	232,8,1	192,8,1	232,8,1	192,8,1	144,8,1	240,8,1	96,8,1	96,8,1	80,8,1	96,8,1	80,8,1	176,8,1	176,8,1	104,8,1	96,8,1	112,8,1	112,8,1	96,8,1	80,8,1	96,8,1	112,8,1	96,8,1	48,8,1	112,8,1	112,8,1	112,8,1
Di÷u D≠¨ng Chi T™ Hoµng Tr©m	80,8,1	80,8,1	80,8,1	64,8,1	64,8,1	96,8,1	64,8,1	64,8,1	120,8,1	120,8,1	80,8,1	88,8,1	96,8,1	96,8,1	96,8,1	96,8,1	96,8,1	248,8,1	248,8,1	96,8,1	96,8,1	96,8,1	96,8,1	96,8,1	96,8,1	96,8,1	96,8,1	192,8,1	64,8,1	64,8,1	48,8,1	48,8,1	104,8,1	104,8,1	88,8,1	104,8,1	120,8,1	80,8,1	80,8,1	96,8,1	96,8,1	96,8,1	96,8,1	104,8,1	104,8,1	104,8,1	96,8,1	128,8,1	96,8,1	232,8,1	192,8,1	232,8,1	192,8,1	144,8,1	240,8,1	96,8,1	96,8,1	80,8,1	96,8,1	80,8,1	176,8,1	176,8,1	104,8,1	96,8,1	112,8,1	112,8,1	96,8,1	80,8,1	96,8,1	112,8,1	96,8,1	48,8,1	112,8,1	112,8,1	112,8,1
Di÷u D≠¨ng Chi B›ch H∂I Tr©m	80,8,1	80,8,1	80,8,1	64,8,1	64,8,1	96,8,1	64,8,1	64,8,1	120,8,1	120,8,1	80,8,1	88,8,1	96,8,1	96,8,1	96,8,1	96,8,1	96,8,1	248,8,1	248,8,1	96,8,1	96,8,1	96,8,1	96,8,1	96,8,1	96,8,1	96,8,1	96,8,1	192,8,1	64,8,1	64,8,1	48,8,1	48,8,1	104,8,1	104,8,1	88,8,1	104,8,1	120,8,1	80,8,1	80,8,1	96,8,1	96,8,1	96,8,1	96,8,1	104,8,1	104,8,1	104,8,1	96,8,1	128,8,1	96,8,1	232,8,1	192,8,1	232,8,1	192,8,1	144,8,1	240,8,1	96,8,1	96,8,1	80,8,1	96,8,1	80,8,1	176,8,1	176,8,1	104,8,1	96,8,1	112,8,1	112,8,1	96,8,1	80,8,1	96,8,1	112,8,1	96,8,1	48,8,1	112,8,1	112,8,1	112,8,1
Di÷u D≠¨ng Chi U Lung Ph∏t ßÌi	80,8,1	80,8,1	80,8,1	64,8,1	64,8,1	96,8,1	64,8,1	64,8,1	120,8,1	120,8,1	80,8,1	88,8,1	96,8,1	96,8,1	96,8,1	96,8,1	96,8,1	248,8,1	248,8,1	96,8,1	96,8,1	96,8,1	96,8,1	96,8,1	96,8,1	96,8,1	96,8,1	192,8,1	64,8,1	64,8,1	48,8,1	48,8,1	104,8,1	104,8,1	88,8,1	104,8,1	120,8,1	80,8,1	80,8,1	96,8,1	96,8,1	96,8,1	96,8,1	104,8,1	104,8,1	104,8,1	96,8,1	128,8,1	96,8,1	232,8,1	192,8,1	232,8,1	192,8,1	144,8,1	240,8,1	96,8,1	96,8,1	80,8,1	96,8,1	80,8,1	176,8,1	176,8,1	104,8,1	96,8,1	112,8,1	112,8,1	96,8,1	80,8,1	96,8,1	112,8,1	96,8,1	48,8,1	112,8,1	112,8,1	112,8,1
Di÷u D≠¨ng Chi Minh Huy‘n Ph∏t ß„i	80,8,1	80,8,1	80,8,1	64,8,1	64,8,1	96,8,1	64,8,1	64,8,1	120,8,1	120,8,1	80,8,1	88,8,1	96,8,1	96,8,1	96,8,1	96,8,1	96,8,1	248,8,1	248,8,1	96,8,1	96,8,1	96,8,1	96,8,1	96,8,1	96,8,1	96,8,1	96,8,1	192,8,1	64,8,1	64,8,1	48,8,1	48,8,1	104,8,1	104,8,1	88,8,1	104,8,1	120,8,1	80,8,1	80,8,1	96,8,1	96,8,1	96,8,1	96,8,1	104,8,1	104,8,1	104,8,1	96,8,1	128,8,1	96,8,1	232,8,1	192,8,1	232,8,1	192,8,1	144,8,1	240,8,1	96,8,1	96,8,1	80,8,1	96,8,1	80,8,1	176,8,1	176,8,1	104,8,1	96,8,1	112,8,1	112,8,1	96,8,1	80,8,1	96,8,1	112,8,1	96,8,1	48,8,1	112,8,1	112,8,1	112,8,1
Di÷u D≠¨ng Chi B®ng Hµn Quan	80,8,1	80,8,1	80,8,1	64,8,1	64,8,1	96,8,1	64,8,1	64,8,1	120,8,1	120,8,1	80,8,1	88,8,1	96,8,1	96,8,1	96,8,1	96,8,1	96,8,1	248,8,1	248,8,1	96,8,1	96,8,1	96,8,1	96,8,1	96,8,1	96,8,1	96,8,1	96,8,1	192,8,1	64,8,1	64,8,1	48,8,1	48,8,1	104,8,1	104,8,1	88,8,1	104,8,1	120,8,1	80,8,1	80,8,1	96,8,1	96,8,1	96,8,1	96,8,1	104,8,1	104,8,1	104,8,1	96,8,1	128,8,1	96,8,1	232,8,1	192,8,1	232,8,1	192,8,1	144,8,1	240,8,1	96,8,1	96,8,1	80,8,1	96,8,1	80,8,1	176,8,1	176,8,1	104,8,1	96,8,1	112,8,1	112,8,1	96,8,1	80,8,1	96,8,1	112,8,1	96,8,1	48,8,1	112,8,1	112,8,1	112,8,1
Di÷u D≠¨ng Chi Thi™n Quang Quan	80,8,1	80,8,1	80,8,1	64,8,1	64,8,1	96,8,1	64,8,1	64,8,1	120,8,1	120,8,1	80,8,1	88,8,1	96,8,1	96,8,1	96,8,1	96,8,1	96,8,1	248,8,1	248,8,1	96,8,1	96,8,1	96,8,1	96,8,1	96,8,1	96,8,1	96,8,1	96,8,1	192,8,1	64,8,1	64,8,1	48,8,1	48,8,1	104,8,1	104,8,1	88,8,1	104,8,1	120,8,1	80,8,1	80,8,1	96,8,1	96,8,1	96,8,1	96,8,1	104,8,1	104,8,1	104,8,1	96,8,1	128,8,1	96,8,1	232,8,1	192,8,1	232,8,1	192,8,1	144,8,1	240,8,1	96,8,1	96,8,1	80,8,1	96,8,1	80,8,1	176,8,1	176,8,1	104,8,1	96,8,1	112,8,1	112,8,1	96,8,1	80,8,1	96,8,1	112,8,1	96,8,1	48,8,1	112,8,1	112,8,1	112,8,1
Di÷u D≠¨ng Chi S©m Hoµng Ph∏t Quan	80,8,1	80,8,1	80,8,1	64,8,1	64,8,1	96,8,1	64,8,1	64,8,1	120,8,1	120,8,1	80,8,1	88,8,1	96,8,1	96,8,1	96,8,1	96,8,1	96,8,1	248,8,1	248,8,1	96,8,1	96,8,1	96,8,1	96,8,1	96,8,1	96,8,1	96,8,1	96,8,1	192,8,1	64,8,1	64,8,1	48,8,1	48,8,1	104,8,1	104,8,1	88,8,1	104,8,1	120,8,1	80,8,1	80,8,1	96,8,1	96,8,1	96,8,1	96,8,1	104,8,1	104,8,1	104,8,1	96,8,1	128,8,1	96,8,1	232,8,1	192,8,1	232,8,1	192,8,1	144,8,1	240,8,1	96,8,1	96,8,1	80,8,1	96,8,1	80,8,1	176,8,1	176,8,1	104,8,1	96,8,1	112,8,1	112,8,1	96,8,1	80,8,1	96,8,1	112,8,1	96,8,1	48,8,1	112,8,1	112,8,1	112,8,1
Di÷u D≠¨ng Chi ßÂng Cıu ß«u Hoµn	80,8,1	80,8,1	80,8,1	64,8,1	64,8,1	96,8,1	64,8,1	64,8,1	120,8,1	120,8,1	80,8,1	88,8,1	96,8,1	96,8,1	96,8,1	96,8,1	96,8,1	248,8,1	248,8,1	96,8,1	96,8,1	96,8,1	96,8,1	96,8,1	96,8,1	96,8,1	96,8,1	192,8,1	64,8,1	64,8,1	48,8,1	48,8,1	104,8,1	104,8,1	88,8,1	104,8,1	120,8,1	80,8,1	80,8,1	96,8,1	96,8,1	96,8,1	96,8,1	104,8,1	104,8,1	104,8,1	96,8,1	128,8,1	96,8,1	232,8,1	192,8,1	232,8,1	192,8,1	144,8,1	240,8,1	96,8,1	96,8,1	80,8,1	96,8,1	80,8,1	176,8,1	176,8,1	104,8,1	96,8,1	112,8,1	112,8,1	96,8,1	80,8,1	96,8,1	112,8,1	96,8,1	48,8,1	112,8,1	112,8,1	112,8,1
Di÷u D≠¨ng Chi ßﬁch H t ß«u Hoµn	80,8,1	80,8,1	80,8,1	64,8,1	64,8,1	96,8,1	64,8,1	64,8,1	120,8,1	120,8,1	80,8,1	88,8,1	96,8,1	96,8,1	96,8,1	96,8,1	96,8,1	248,8,1	248,8,1	96,8,1	96,8,1	96,8,1	96,8,1	96,8,1	96,8,1	96,8,1	96,8,1	192,8,1	64,8,1	64,8,1	48,8,1	48,8,1	104,8,1	104,8,1	88,8,1	104,8,1	120,8,1	80,8,1	80,8,1	96,8,1	96,8,1	96,8,1	96,8,1	104,8,1	104,8,1	104,8,1	96,8,1	128,8,1	96,8,1	232,8,1	192,8,1	232,8,1	192,8,1	144,8,1	240,8,1	96,8,1	96,8,1	80,8,1	96,8,1	80,8,1	176,8,1	176,8,1	104,8,1	96,8,1	112,8,1	112,8,1	96,8,1	80,8,1	96,8,1	112,8,1	96,8,1	48,8,1	112,8,1	112,8,1	112,8,1
Di÷u D≠¨ng Chi Ma S∏t Kh´i	80,8,1	80,8,1	80,8,1	64,8,1	64,8,1	96,8,1	64,8,1	64,8,1	120,8,1	120,8,1	80,8,1	88,8,1	96,8,1	96,8,1	96,8,1	96,8,1	96,8,1	248,8,1	248,8,1	96,8,1	96,8,1	96,8,1	96,8,1	96,8,1	96,8,1	96,8,1	96,8,1	192,8,1	64,8,1	64,8,1	48,8,1	48,8,1	104,8,1	104,8,1	88,8,1	104,8,1	120,8,1	80,8,1	80,8,1	96,8,1	96,8,1	96,8,1	96,8,1	104,8,1	104,8,1	104,8,1	96,8,1	128,8,1	96,8,1	232,8,1	192,8,1	232,8,1	192,8,1	144,8,1	240,8,1	96,8,1	96,8,1	80,8,1	96,8,1	80,8,1	176,8,1	176,8,1	104,8,1	96,8,1	112,8,1	112,8,1	96,8,1	80,8,1	96,8,1	112,8,1	96,8,1	48,8,1	112,8,1	112,8,1	112,8,1
Di÷u D≠¨ng Chi Ma Hoµng Quan Mi÷n	80,8,1	80,8,1	80,8,1	64,8,1	64,8,1	96,8,1	64,8,1	64,8,1	120,8,1	120,8,1	80,8,1	88,8,1	96,8,1	96,8,1	96,8,1	96,8,1	96,8,1	248,8,1	248,8,1	96,8,1	96,8,1	96,8,1	96,8,1	96,8,1	96,8,1	96,8,1	96,8,1	192,8,1	64,8,1	64,8,1	48,8,1	48,8,1	104,8,1	104,8,1	88,8,1	104,8,1	120,8,1	80,8,1	80,8,1	96,8,1	96,8,1	96,8,1	96,8,1	104,8,1	104,8,1	104,8,1	96,8,1	128,8,1	96,8,1	232,8,1	192,8,1	232,8,1	192,8,1	144,8,1	240,8,1	96,8,1	96,8,1	80,8,1	96,8,1	80,8,1	176,8,1	176,8,1	104,8,1	96,8,1	112,8,1	112,8,1	96,8,1	80,8,1	96,8,1	112,8,1	96,8,1	48,8,1	112,8,1	112,8,1	112,8,1
Di÷u D≠¨ng Chi L®ng Nhπc Quan	80,8,1	80,8,1	80,8,1	64,8,1	64,8,1	96,8,1	64,8,1	64,8,1	120,8,1	120,8,1	80,8,1	88,8,1	96,8,1	96,8,1	96,8,1	96,8,1	96,8,1	248,8,1	248,8,1	96,8,1	96,8,1	96,8,1	96,8,1	96,8,1	96,8,1	96,8,1	96,8,1	192,8,1	64,8,1	64,8,1	48,8,1	48,8,1	104,8,1	104,8,1	88,8,1	104,8,1	120,8,1	80,8,1	80,8,1	96,8,1	96,8,1	96,8,1	96,8,1	104,8,1	104,8,1	104,8,1	96,8,1	128,8,1	96,8,1	232,8,1	192,8,1	232,8,1	192,8,1	144,8,1	240,8,1	96,8,1	96,8,1	80,8,1	96,8,1	80,8,1	176,8,1	176,8,1	104,8,1	96,8,1	112,8,1	112,8,1	96,8,1	80,8,1	96,8,1	112,8,1	96,8,1	48,8,1	112,8,1	112,8,1	112,8,1
Di÷u D≠¨ng Chi CÀp Phong Quan	80,8,1	80,8,1	80,8,1	64,8,1	64,8,1	96,8,1	64,8,1	64,8,1	120,8,1	120,8,1	80,8,1	88,8,1	96,8,1	96,8,1	96,8,1	96,8,1	96,8,1	248,8,1	248,8,1	96,8,1	96,8,1	96,8,1	96,8,1	96,8,1	96,8,1	96,8,1	96,8,1	192,8,1	64,8,1	64,8,1	48,8,1	48,8,1	104,8,1	104,8,1	88,8,1	104,8,1	120,8,1	80,8,1	80,8,1	96,8,1	96,8,1	96,8,1	96,8,1	104,8,1	104,8,1	104,8,1	96,8,1	128,8,1	96,8,1	232,8,1	192,8,1	232,8,1	192,8,1	144,8,1	240,8,1	96,8,1	96,8,1	80,8,1	96,8,1	80,8,1	176,8,1	176,8,1	104,8,1	96,8,1	112,8,1	112,8,1	96,8,1	80,8,1	96,8,1	112,8,1	96,8,1	48,8,1	112,8,1	112,8,1	112,8,1
Di÷u D≠¨ng Chi S≠¨ng Tinh ßπo Quan	80,8,1	80,8,1	80,8,1	64,8,1	64,8,1	96,8,1	64,8,1	64,8,1	120,8,1	120,8,1	80,8,1	88,8,1	96,8,1	96,8,1	96,8,1	96,8,1	96,8,1	248,8,1	248,8,1	96,8,1	96,8,1	96,8,1	96,8,1	96,8,1	96,8,1	96,8,1	96,8,1	192,8,1	64,8,1	64,8,1	48,8,1	48,8,1	104,8,1	104,8,1	88,8,1	104,8,1	120,8,1	80,8,1	80,8,1	96,8,1	96,8,1	96,8,1	96,8,1	104,8,1	104,8,1	104,8,1	96,8,1	128,8,1	96,8,1	232,8,1	192,8,1	232,8,1	192,8,1	144,8,1	240,8,1	96,8,1	96,8,1	80,8,1	96,8,1	80,8,1	176,8,1	176,8,1	104,8,1	96,8,1	112,8,1	112,8,1	96,8,1	80,8,1	96,8,1	112,8,1	96,8,1	48,8,1	112,8,1	112,8,1	112,8,1
Di÷u D≠¨ng Chi L´I Khung ßπo Quan	80,8,1	80,8,1	80,8,1	64,8,1	64,8,1	96,8,1	64,8,1	64,8,1	120,8,1	120,8,1	80,8,1	88,8,1	96,8,1	96,8,1	96,8,1	96,8,1	96,8,1	248,8,1	248,8,1	96,8,1	96,8,1	96,8,1	96,8,1	96,8,1	96,8,1	96,8,1	96,8,1	192,8,1	64,8,1	64,8,1	48,8,1	48,8,1	104,8,1	104,8,1	88,8,1	104,8,1	120,8,1	80,8,1	80,8,1	96,8,1	96,8,1	96,8,1	96,8,1	104,8,1	104,8,1	104,8,1	96,8,1	128,8,1	96,8,1	232,8,1	192,8,1	232,8,1	192,8,1	144,8,1	240,8,1	96,8,1	96,8,1	80,8,1	96,8,1	80,8,1	176,8,1	176,8,1	104,8,1	96,8,1	112,8,1	112,8,1	96,8,1	80,8,1	96,8,1	112,8,1	96,8,1	48,8,1	112,8,1	112,8,1	112,8,1
Di÷u D≠¨ng Chi PhÔ V©n Quan	80,8,1	80,8,1	80,8,1	64,8,1	64,8,1	96,8,1	64,8,1	64,8,1	120,8,1	120,8,1	80,8,1	88,8,1	96,8,1	96,8,1	96,8,1	96,8,1	96,8,1	248,8,1	248,8,1	96,8,1	96,8,1	96,8,1	96,8,1	96,8,1	96,8,1	96,8,1	96,8,1	192,8,1	64,8,1	64,8,1	48,8,1	48,8,1	104,8,1	104,8,1	88,8,1	104,8,1	120,8,1	80,8,1	80,8,1	96,8,1	96,8,1	96,8,1	96,8,1	104,8,1	104,8,1	104,8,1	96,8,1	128,8,1	96,8,1	232,8,1	192,8,1	232,8,1	192,8,1	144,8,1	240,8,1	96,8,1	96,8,1	80,8,1	96,8,1	80,8,1	176,8,1	176,8,1	104,8,1	96,8,1	112,8,1	112,8,1	96,8,1	80,8,1	96,8,1	112,8,1	96,8,1	48,8,1	112,8,1	112,8,1	112,8,1
Di÷u D≠¨ng Chi TrÔng V©n Quan	80,8,1	80,8,1	80,8,1	64,8,1	64,8,1	96,8,1	64,8,1	64,8,1	120,8,1	120,8,1	80,8,1	88,8,1	96,8,1	96,8,1	96,8,1	96,8,1	96,8,1	248,8,1	248,8,1	96,8,1	96,8,1	96,8,1	96,8,1	96,8,1	96,8,1	96,8,1	96,8,1	192,8,1	64,8,1	64,8,1	48,8,1	48,8,1	104,8,1	104,8,1	88,8,1	104,8,1	120,8,1	80,8,1	80,8,1	96,8,1	96,8,1	96,8,1	96,8,1	104,8,1	104,8,1	104,8,1	96,8,1	128,8,1	96,8,1	232,8,1	192,8,1	232,8,1	192,8,1	144,8,1	240,8,1	96,8,1	96,8,1	80,8,1	96,8,1	80,8,1	176,8,1	176,8,1	104,8,1	96,8,1	112,8,1	112,8,1	96,8,1	80,8,1	96,8,1	112,8,1	96,8,1	48,8,1	112,8,1	112,8,1	112,8,1
Anh Hµo Chi Thi”u L©m ThÒ	80,8,1	80,8,1							120,8,1	120,8,1	80,8,1	88,8,1						248,8,1	248,8,1	96,8,1						96,8,1	96,8,1	192,8,1					104,8,1	104,8,1	88,8,1					96,8,1	96,8,1	96,8,1								232,8,1	192,8,1	232,8,1	192,8,1	144,8,1	240,8,1						176,8,1	176,8,1	104,8,1												
Anh Hµo Chi Thi”u L©m C´n	80,8,1	80,8,1							120,8,1	120,8,1	80,8,1	88,8,1						248,8,1	248,8,1	96,8,1						96,8,1	96,8,1	192,8,1					104,8,1	104,8,1	88,8,1					96,8,1	96,8,1	96,8,1								232,8,1	192,8,1	232,8,1	192,8,1	144,8,1	240,8,1						176,8,1	176,8,1	104,8,1												
Anh Hµo Chi Thi”u L©m ßao	80,8,1	80,8,1							120,8,1	120,8,1	80,8,1	88,8,1						248,8,1	248,8,1	96,8,1						96,8,1	96,8,1	192,8,1					104,8,1	104,8,1	88,8,1					96,8,1	96,8,1	96,8,1								232,8,1	192,8,1	232,8,1	192,8,1	144,8,1	240,8,1						176,8,1	176,8,1	104,8,1												
Anh Hµo Chi Thi™n V≠¨ng ChÔy	80,8,1	80,8,1	80,8,1	64,8,1	64,8,1	96,8,1	64,8,1	64,8,1	120,8,1	120,8,1	80,8,1	88,8,1	96,8,1	96,8,1	96,8,1	96,8,1	96,8,1	248,8,1	248,8,1	96,8,1	96,8,1	96,8,1	96,8,1	96,8,1	96,8,1	96,8,1	96,8,1	192,8,1	64,8,1	64,8,1	48,8,1	48,8,1	104,8,1	104,8,1	88,8,1	104,8,1	120,8,1	80,8,1	80,8,1	96,8,1	96,8,1	96,8,1	96,8,1	104,8,1	104,8,1	104,8,1	96,8,1	128,8,1	96,8,1	232,8,1	192,8,1	232,8,1	192,8,1	144,8,1	240,8,1	96,8,1	96,8,1	80,8,1	96,8,1	80,8,1	176,8,1	176,8,1	104,8,1	96,8,1	112,8,1	112,8,1	96,8,1	80,8,1	96,8,1	112,8,1	96,8,1	48,8,1	112,8,1	112,8,1	112,8,1
Anh Hµo Chi Thi™n V≠¨ng Th≠¨ng	80,8,1	80,8,1	80,8,1	64,8,1	64,8,1	96,8,1	64,8,1	64,8,1	120,8,1	120,8,1	80,8,1	88,8,1	96,8,1	96,8,1	96,8,1	96,8,1	96,8,1	248,8,1	248,8,1	96,8,1	96,8,1	96,8,1	96,8,1	96,8,1	96,8,1	96,8,1	96,8,1	192,8,1	64,8,1	64,8,1	48,8,1	48,8,1	104,8,1	104,8,1	88,8,1	104,8,1	120,8,1	80,8,1	80,8,1	96,8,1	96,8,1	96,8,1	96,8,1	104,8,1	104,8,1	104,8,1	96,8,1	128,8,1	96,8,1	232,8,1	192,8,1	232,8,1	192,8,1	144,8,1	240,8,1	96,8,1	96,8,1	80,8,1	96,8,1	80,8,1	176,8,1	176,8,1	104,8,1	96,8,1	112,8,1	112,8,1	96,8,1	80,8,1	96,8,1	112,8,1	96,8,1	48,8,1	112,8,1	112,8,1	112,8,1
Anh Hµo Chi Thi™n V≠¨ng ßao	80,8,1	80,8,1	80,8,1	64,8,1	64,8,1	96,8,1	64,8,1	64,8,1	120,8,1	120,8,1	80,8,1	88,8,1	96,8,1	96,8,1	96,8,1	96,8,1	96,8,1	248,8,1	248,8,1	96,8,1	96,8,1	96,8,1	96,8,1	96,8,1	96,8,1	96,8,1	96,8,1	192,8,1	64,8,1	64,8,1	48,8,1	48,8,1	104,8,1	104,8,1	88,8,1	104,8,1	120,8,1	80,8,1	80,8,1	96,8,1	96,8,1	96,8,1	96,8,1	104,8,1	104,8,1	104,8,1	96,8,1	128,8,1	96,8,1	232,8,1	192,8,1	232,8,1	192,8,1	144,8,1	240,8,1	96,8,1	96,8,1	80,8,1	96,8,1	80,8,1	176,8,1	176,8,1	104,8,1	96,8,1	112,8,1	112,8,1	96,8,1	80,8,1	96,8,1	112,8,1	96,8,1	48,8,1	112,8,1	112,8,1	112,8,1
Anh Hµo Chi Nga Mi Ki’m	80,8,1	80,8,1	80,8,1	64,8,1	64,8,1	96,8,1	64,8,1	64,8,1	120,8,1	120,8,1	80,8,1	88,8,1	96,8,1	96,8,1	96,8,1	96,8,1	96,8,1	248,8,1	248,8,1	96,8,1	96,8,1	96,8,1	96,8,1	96,8,1	96,8,1	96,8,1	96,8,1	192,8,1	64,8,1	64,8,1	48,8,1	48,8,1	104,8,1	104,8,1	88,8,1	104,8,1	120,8,1	80,8,1	80,8,1	96,8,1	96,8,1	96,8,1	96,8,1	104,8,1	104,8,1	104,8,1	96,8,1	128,8,1	96,8,1	232,8,1	192,8,1	232,8,1	192,8,1	144,8,1	240,8,1	96,8,1	96,8,1	80,8,1	96,8,1	80,8,1	176,8,1	176,8,1	104,8,1	96,8,1	112,8,1	112,8,1	96,8,1	80,8,1	96,8,1	112,8,1	96,8,1	48,8,1	112,8,1	112,8,1	112,8,1
Anh Hµo Chi Nga Mi ThÒ	80,8,1	80,8,1	80,8,1	64,8,1	64,8,1	96,8,1	64,8,1	64,8,1	120,8,1	120,8,1	80,8,1	88,8,1	96,8,1	96,8,1	96,8,1	96,8,1	96,8,1	248,8,1	248,8,1	96,8,1	96,8,1	96,8,1	96,8,1	96,8,1	96,8,1	96,8,1	96,8,1	192,8,1	64,8,1	64,8,1	48,8,1	48,8,1	104,8,1	104,8,1	88,8,1	104,8,1	120,8,1	80,8,1	80,8,1	96,8,1	96,8,1	96,8,1	96,8,1	104,8,1	104,8,1	104,8,1	96,8,1	128,8,1	96,8,1	232,8,1	192,8,1	232,8,1	192,8,1	144,8,1	240,8,1	96,8,1	96,8,1	80,8,1	96,8,1	80,8,1	176,8,1	176,8,1	104,8,1	96,8,1	112,8,1	112,8,1	96,8,1	80,8,1	96,8,1	112,8,1	96,8,1	48,8,1	112,8,1	112,8,1	112,8,1
Anh Hµo Chi ThÛy Y™n ß¨n ßao	80,8,1	80,8,1	80,8,1	64,8,1	64,8,1	96,8,1	64,8,1	64,8,1	120,8,1	120,8,1	80,8,1	88,8,1	96,8,1	96,8,1	96,8,1	96,8,1	96,8,1	248,8,1	248,8,1	96,8,1	96,8,1	96,8,1	96,8,1	96,8,1	96,8,1	96,8,1	96,8,1	192,8,1	64,8,1	64,8,1	48,8,1	48,8,1	104,8,1	104,8,1	88,8,1	104,8,1	120,8,1	80,8,1	80,8,1	96,8,1	96,8,1	96,8,1	96,8,1	104,8,1	104,8,1	104,8,1	96,8,1	128,8,1	96,8,1	232,8,1	192,8,1	232,8,1	192,8,1	144,8,1	240,8,1	96,8,1	96,8,1	80,8,1	96,8,1	80,8,1	176,8,1	176,8,1	104,8,1	96,8,1	112,8,1	112,8,1	96,8,1	80,8,1	96,8,1	112,8,1	96,8,1	48,8,1	112,8,1	112,8,1	112,8,1
Anh Hµo Chi ThÛy Y™n Song ßao	80,8,1	80,8,1	80,8,1	64,8,1	64,8,1	96,8,1	64,8,1	64,8,1	120,8,1	120,8,1	80,8,1	88,8,1	96,8,1	96,8,1	96,8,1	96,8,1	96,8,1	248,8,1	248,8,1	96,8,1	96,8,1	96,8,1	96,8,1	96,8,1	96,8,1	96,8,1	96,8,1	192,8,1	64,8,1	64,8,1	48,8,1	48,8,1	104,8,1	104,8,1	88,8,1	104,8,1	120,8,1	80,8,1	80,8,1	96,8,1	96,8,1	96,8,1	96,8,1	104,8,1	104,8,1	104,8,1	96,8,1	128,8,1	96,8,1	232,8,1	192,8,1	232,8,1	192,8,1	144,8,1	240,8,1	96,8,1	96,8,1	80,8,1	96,8,1	80,8,1	176,8,1	176,8,1	104,8,1	96,8,1	112,8,1	112,8,1	96,8,1	80,8,1	96,8,1	112,8,1	96,8,1	48,8,1	112,8,1	112,8,1	112,8,1
Anh Hµo Chi NgÚ ßÈc ThÒ	80,8,1	80,8,1	80,8,1	64,8,1	64,8,1	96,8,1	64,8,1	64,8,1	120,8,1	120,8,1	80,8,1	88,8,1	96,8,1	96,8,1	96,8,1	96,8,1	96,8,1	248,8,1	248,8,1	96,8,1	96,8,1	96,8,1	96,8,1	96,8,1	96,8,1	96,8,1	96,8,1	192,8,1	64,8,1	64,8,1	48,8,1	48,8,1	104,8,1	104,8,1	88,8,1	104,8,1	120,8,1	80,8,1	80,8,1	96,8,1	96,8,1	96,8,1	96,8,1	104,8,1	104,8,1	104,8,1	96,8,1	128,8,1	96,8,1	232,8,1	192,8,1	232,8,1	192,8,1	144,8,1	240,8,1	96,8,1	96,8,1	80,8,1	96,8,1	80,8,1	176,8,1	176,8,1	104,8,1	96,8,1	112,8,1	112,8,1	96,8,1	80,8,1	96,8,1	112,8,1	96,8,1	48,8,1	112,8,1	112,8,1	112,8,1
Anh Hµo Chi NgÚ ßÈc ßao	80,8,1	80,8,1	80,8,1	64,8,1	64,8,1	96,8,1	64,8,1	64,8,1	120,8,1	120,8,1	80,8,1	88,8,1	96,8,1	96,8,1	96,8,1	96,8,1	96,8,1	248,8,1	248,8,1	96,8,1	96,8,1	96,8,1	96,8,1	96,8,1	96,8,1	96,8,1	96,8,1	192,8,1	64,8,1	64,8,1	48,8,1	48,8,1	104,8,1	104,8,1	88,8,1	104,8,1	120,8,1	80,8,1	80,8,1	96,8,1	96,8,1	96,8,1	96,8,1	104,8,1	104,8,1	104,8,1	96,8,1	128,8,1	96,8,1	232,8,1	192,8,1	232,8,1	192,8,1	144,8,1	240,8,1	96,8,1	96,8,1	80,8,1	96,8,1	80,8,1	176,8,1	176,8,1	104,8,1	96,8,1	112,8,1	112,8,1	96,8,1	80,8,1	96,8,1	112,8,1	96,8,1	48,8,1	112,8,1	112,8,1	112,8,1
Anh Hµo Chi ß≠Íng M´n Phi ßao	80,8,1	80,8,1	80,8,1	64,8,1	64,8,1	96,8,1	64,8,1	64,8,1	120,8,1	120,8,1	80,8,1	88,8,1	96,8,1	96,8,1	96,8,1	96,8,1	96,8,1	248,8,1	248,8,1	96,8,1	96,8,1	96,8,1	96,8,1	96,8,1	96,8,1	96,8,1	96,8,1	192,8,1	64,8,1	64,8,1	48,8,1	48,8,1	104,8,1	104,8,1	88,8,1	104,8,1	120,8,1	80,8,1	80,8,1	96,8,1	96,8,1	96,8,1	96,8,1	104,8,1	104,8,1	104,8,1	96,8,1	128,8,1	96,8,1	232,8,1	192,8,1	232,8,1	192,8,1	144,8,1	240,8,1	96,8,1	96,8,1	80,8,1	96,8,1	80,8,1	176,8,1	176,8,1	104,8,1	96,8,1	112,8,1	112,8,1	96,8,1	80,8,1	96,8,1	112,8,1	96,8,1	48,8,1	112,8,1	112,8,1	112,8,1
Anh Hµo Chi ß≠Íng M´n TÙ Ti‘n	80,8,1	80,8,1	80,8,1	64,8,1	64,8,1	96,8,1	64,8,1	64,8,1	120,8,1	120,8,1	80,8,1	88,8,1	96,8,1	96,8,1	96,8,1	96,8,1	96,8,1	248,8,1	248,8,1	96,8,1	96,8,1	96,8,1	96,8,1	96,8,1	96,8,1	96,8,1	96,8,1	192,8,1	64,8,1	64,8,1	48,8,1	48,8,1	104,8,1	104,8,1	88,8,1	104,8,1	120,8,1	80,8,1	80,8,1	96,8,1	96,8,1	96,8,1	96,8,1	104,8,1	104,8,1	104,8,1	96,8,1	128,8,1	96,8,1	232,8,1	192,8,1	232,8,1	192,8,1	144,8,1	240,8,1	96,8,1	96,8,1	80,8,1	96,8,1	80,8,1	176,8,1	176,8,1	104,8,1	96,8,1	112,8,1	112,8,1	96,8,1	80,8,1	96,8,1	112,8,1	96,8,1	48,8,1	112,8,1	112,8,1	112,8,1
Anh Hµo Chi ß≠Íng M´n Phi Ti™u	80,8,1	80,8,1	80,8,1	64,8,1	64,8,1	96,8,1	64,8,1	64,8,1	120,8,1	120,8,1	80,8,1	88,8,1	96,8,1	96,8,1	96,8,1	96,8,1	96,8,1	248,8,1	248,8,1	96,8,1	96,8,1	96,8,1	96,8,1	96,8,1	96,8,1	96,8,1	96,8,1	192,8,1	64,8,1	64,8,1	48,8,1	48,8,1	104,8,1	104,8,1	88,8,1	104,8,1	120,8,1	80,8,1	80,8,1	96,8,1	96,8,1	96,8,1	96,8,1	104,8,1	104,8,1	104,8,1	96,8,1	128,8,1	96,8,1	232,8,1	192,8,1	232,8,1	192,8,1	144,8,1	240,8,1	96,8,1	96,8,1	80,8,1	96,8,1	80,8,1	176,8,1	176,8,1	104,8,1	96,8,1	112,8,1	112,8,1	96,8,1	80,8,1	96,8,1	112,8,1	96,8,1	48,8,1	112,8,1	112,8,1	112,8,1
Anh Hµo Chi C∏I Bang Tri“n ThÒ	80,8,1	80,8,1	80,8,1	64,8,1	64,8,1	96,8,1	64,8,1	64,8,1	120,8,1	120,8,1	80,8,1	88,8,1	96,8,1	96,8,1	96,8,1	96,8,1	96,8,1	248,8,1	248,8,1	96,8,1	96,8,1	96,8,1	96,8,1	96,8,1	96,8,1	96,8,1	96,8,1	192,8,1	64,8,1	64,8,1	48,8,1	48,8,1	104,8,1	104,8,1	88,8,1	104,8,1	120,8,1	80,8,1	80,8,1	96,8,1	96,8,1	96,8,1	96,8,1	104,8,1	104,8,1	104,8,1	96,8,1	128,8,1	96,8,1	232,8,1	192,8,1	232,8,1	192,8,1	144,8,1	240,8,1	96,8,1	96,8,1	80,8,1	96,8,1	80,8,1	176,8,1	176,8,1	104,8,1	96,8,1	112,8,1	112,8,1	96,8,1	80,8,1	96,8,1	112,8,1	96,8,1	48,8,1	112,8,1	112,8,1	112,8,1
Anh Hµo Chi C∏I Bang BÊng	80,8,1	80,8,1	80,8,1	64,8,1	64,8,1	96,8,1	64,8,1	64,8,1	120,8,1	120,8,1	80,8,1	88,8,1	96,8,1	96,8,1	96,8,1	96,8,1	96,8,1	248,8,1	248,8,1	96,8,1	96,8,1	96,8,1	96,8,1	96,8,1	96,8,1	96,8,1	96,8,1	192,8,1	64,8,1	64,8,1	48,8,1	48,8,1	104,8,1	104,8,1	88,8,1	104,8,1	120,8,1	80,8,1	80,8,1	96,8,1	96,8,1	96,8,1	96,8,1	104,8,1	104,8,1	104,8,1	96,8,1	128,8,1	96,8,1	232,8,1	192,8,1	232,8,1	192,8,1	144,8,1	240,8,1	96,8,1	96,8,1	80,8,1	96,8,1	80,8,1	176,8,1	176,8,1	104,8,1	96,8,1	112,8,1	112,8,1	96,8,1	80,8,1	96,8,1	112,8,1	96,8,1	48,8,1	112,8,1	112,8,1	112,8,1
Anh Hµo Chi Thi™n Nh…n Th≠¨ng	80,8,1	80,8,1	80,8,1	64,8,1	64,8,1	96,8,1	64,8,1	64,8,1	120,8,1	120,8,1	80,8,1	88,8,1	96,8,1	96,8,1	96,8,1	96,8,1	96,8,1	248,8,1	248,8,1	96,8,1	96,8,1	96,8,1	96,8,1	96,8,1	96,8,1	96,8,1	96,8,1	192,8,1	64,8,1	64,8,1	48,8,1	48,8,1	104,8,1	104,8,1	88,8,1	104,8,1	120,8,1	80,8,1	80,8,1	96,8,1	96,8,1	96,8,1	96,8,1	104,8,1	104,8,1	104,8,1	96,8,1	128,8,1	96,8,1	232,8,1	192,8,1	232,8,1	192,8,1	144,8,1	240,8,1	96,8,1	96,8,1	80,8,1	96,8,1	80,8,1	176,8,1	176,8,1	104,8,1	96,8,1	112,8,1	112,8,1	96,8,1	80,8,1	96,8,1	112,8,1	96,8,1	48,8,1	112,8,1	112,8,1	112,8,1
Anh Hµo Chi Thi™n Nh…n ßao	80,8,1	80,8,1	80,8,1	64,8,1	64,8,1	96,8,1	64,8,1	64,8,1	120,8,1	120,8,1	80,8,1	88,8,1	96,8,1	96,8,1	96,8,1	96,8,1	96,8,1	248,8,1	248,8,1	96,8,1	96,8,1	96,8,1	96,8,1	96,8,1	96,8,1	96,8,1	96,8,1	192,8,1	64,8,1	64,8,1	48,8,1	48,8,1	104,8,1	104,8,1	88,8,1	104,8,1	120,8,1	80,8,1	80,8,1	96,8,1	96,8,1	96,8,1	96,8,1	104,8,1	104,8,1	104,8,1	96,8,1	128,8,1	96,8,1	232,8,1	192,8,1	232,8,1	192,8,1	144,8,1	240,8,1	96,8,1	96,8,1	80,8,1	96,8,1	80,8,1	176,8,1	176,8,1	104,8,1	96,8,1	112,8,1	112,8,1	96,8,1	80,8,1	96,8,1	112,8,1	96,8,1	48,8,1	112,8,1	112,8,1	112,8,1
Anh Hµo Chi V‚ ßang Ki’m	80,8,1	80,8,1	80,8,1	64,8,1	64,8,1	96,8,1	64,8,1	64,8,1	120,8,1	120,8,1	80,8,1	88,8,1	96,8,1	96,8,1	96,8,1	96,8,1	96,8,1	248,8,1	248,8,1	96,8,1	96,8,1	96,8,1	96,8,1	96,8,1	96,8,1	96,8,1	96,8,1	192,8,1	64,8,1	64,8,1	48,8,1	48,8,1	104,8,1	104,8,1	88,8,1	104,8,1	120,8,1	80,8,1	80,8,1	96,8,1	96,8,1	96,8,1	96,8,1	104,8,1	104,8,1	104,8,1	96,8,1	128,8,1	96,8,1	232,8,1	192,8,1	232,8,1	192,8,1	144,8,1	240,8,1	96,8,1	96,8,1	80,8,1	96,8,1	80,8,1	176,8,1	176,8,1	104,8,1	96,8,1	112,8,1	112,8,1	96,8,1	80,8,1	96,8,1	112,8,1	96,8,1	48,8,1	112,8,1	112,8,1	112,8,1
Anh Hµo Chi V‚ ßang Ki’m	80,8,1	80,8,1	80,8,1	64,8,1	64,8,1	96,8,1	64,8,1	64,8,1	120,8,1	120,8,1	80,8,1	88,8,1	96,8,1	96,8,1	96,8,1	96,8,1	96,8,1	248,8,1	248,8,1	96,8,1	96,8,1	96,8,1	96,8,1	96,8,1	96,8,1	96,8,1	96,8,1	192,8,1	64,8,1	64,8,1	48,8,1	48,8,1	104,8,1	104,8,1	88,8,1	104,8,1	120,8,1	80,8,1	80,8,1	96,8,1	96,8,1	96,8,1	96,8,1	104,8,1	104,8,1	104,8,1	96,8,1	128,8,1	96,8,1	232,8,1	192,8,1	232,8,1	192,8,1	144,8,1	240,8,1	96,8,1	96,8,1	80,8,1	96,8,1	80,8,1	176,8,1	176,8,1	104,8,1	96,8,1	112,8,1	112,8,1	96,8,1	80,8,1	96,8,1	112,8,1	96,8,1	48,8,1	112,8,1	112,8,1	112,8,1
Anh Hµo Chi C´n L´n ßao	80,8,1	80,8,1	80,8,1	64,8,1	64,8,1	96,8,1	64,8,1	64,8,1	120,8,1	120,8,1	80,8,1	88,8,1	96,8,1	96,8,1	96,8,1	96,8,1	96,8,1	248,8,1	248,8,1	96,8,1	96,8,1	96,8,1	96,8,1	96,8,1	96,8,1	96,8,1	96,8,1	192,8,1	64,8,1	64,8,1	48,8,1	48,8,1	104,8,1	104,8,1	88,8,1	104,8,1	120,8,1	80,8,1	80,8,1	96,8,1	96,8,1	96,8,1	96,8,1	104,8,1	104,8,1	104,8,1	96,8,1	128,8,1	96,8,1	232,8,1	192,8,1	232,8,1	192,8,1	144,8,1	240,8,1	96,8,1	96,8,1	80,8,1	96,8,1	80,8,1	176,8,1	176,8,1	104,8,1	96,8,1	112,8,1	112,8,1	96,8,1	80,8,1	96,8,1	112,8,1	96,8,1	48,8,1	112,8,1	112,8,1	112,8,1
Anh Hµo Chi C´n L´n Ki’m	80,8,1	80,8,1	80,8,1	64,8,1	64,8,1	96,8,1	64,8,1	64,8,1	120,8,1	120,8,1	80,8,1	88,8,1	96,8,1	96,8,1	96,8,1	96,8,1	96,8,1	248,8,1	248,8,1	96,8,1	96,8,1	96,8,1	96,8,1	96,8,1	96,8,1	96,8,1	96,8,1	192,8,1	64,8,1	64,8,1	48,8,1	48,8,1	104,8,1	104,8,1	88,8,1	104,8,1	120,8,1	80,8,1	80,8,1	96,8,1	96,8,1	96,8,1	96,8,1	104,8,1	104,8,1	104,8,1	96,8,1	128,8,1	96,8,1	232,8,1	192,8,1	232,8,1	192,8,1	144,8,1	240,8,1	96,8,1	96,8,1	80,8,1	96,8,1	80,8,1	176,8,1	176,8,1	104,8,1	96,8,1	112,8,1	112,8,1	96,8,1	80,8,1	96,8,1	112,8,1	96,8,1	48,8,1	112,8,1	112,8,1	112,8,1
Anh Hµo Chi Hoa S¨n Ki’m	80,8,1	80,8,1	80,8,1	64,8,1	64,8,1	96,8,1	64,8,1	64,8,1	120,8,1	120,8,1	80,8,1	88,8,1	96,8,1	96,8,1	96,8,1	96,8,1	96,8,1	248,8,1	248,8,1	96,8,1	96,8,1	96,8,1	96,8,1	96,8,1	96,8,1	96,8,1	96,8,1	192,8,1	64,8,1	64,8,1	48,8,1	48,8,1	104,8,1	104,8,1	88,8,1	104,8,1	120,8,1	80,8,1	80,8,1	96,8,1	96,8,1	96,8,1	96,8,1	104,8,1	104,8,1	104,8,1	96,8,1	128,8,1	96,8,1	232,8,1	192,8,1	232,8,1	192,8,1	144,8,1	240,8,1	96,8,1	96,8,1	80,8,1	96,8,1	80,8,1	176,8,1	176,8,1	104,8,1	96,8,1	112,8,1	112,8,1	96,8,1	80,8,1	96,8,1	112,8,1	96,8,1	48,8,1	112,8,1	112,8,1	112,8,1
Anh Hµo Chi Hoa S¨n Ki’m	80,8,1	80,8,1	80,8,1	64,8,1	64,8,1	96,8,1	64,8,1	64,8,1	120,8,1	120,8,1	80,8,1	88,8,1	96,8,1	96,8,1	96,8,1	96,8,1	96,8,1	248,8,1	248,8,1	96,8,1	96,8,1	96,8,1	96,8,1	96,8,1	96,8,1	96,8,1	96,8,1	192,8,1	64,8,1	64,8,1	48,8,1	48,8,1	104,8,1	104,8,1	88,8,1	104,8,1	120,8,1	80,8,1	80,8,1	96,8,1	96,8,1	96,8,1	96,8,1	104,8,1	104,8,1	104,8,1	96,8,1	128,8,1	96,8,1	232,8,1	192,8,1	232,8,1	192,8,1	144,8,1	240,8,1	96,8,1	96,8,1	80,8,1	96,8,1	80,8,1	176,8,1	176,8,1	104,8,1	96,8,1	112,8,1	112,8,1	96,8,1	80,8,1	96,8,1	112,8,1	96,8,1	48,8,1	112,8,1	112,8,1	112,8,1
VÚ HÂn T∂ ThÒ 1	80,8,1	80,8,1	80,8,1	64,8,1	64,8,1	96,8,1	64,8,1	64,8,1	120,8,1	120,8,1	80,8,1	88,8,1	96,8,1	96,8,1	96,8,1	96,8,1	96,8,1	248,8,1	248,8,1	96,8,1	96,8,1	96,8,1	96,8,1	96,8,1	96,8,1	96,8,1	96,8,1	192,8,1	64,8,1	64,8,1	48,8,1	48,8,1	104,8,1	104,8,1	88,8,1	104,8,1	120,8,1	80,8,1	80,8,1	96,8,1	96,8,1	96,8,1	96,8,1	104,8,1	104,8,1	104,8,1	96,8,1	128,8,1	96,8,1	232,8,1	192,8,1	232,8,1	192,8,1	144,8,1	240,8,1	96,8,1	96,8,1	80,8,1	96,8,1	80,8,1	176,8,1	176,8,1	104,8,1	96,8,1	112,8,1	112,8,1	96,8,1	80,8,1	96,8,1	112,8,1	96,8,1	48,8,1	112,8,1	112,8,1	112,8,1
VÚ HÂn T∂ ThÒ 2	80,8,1	80,8,1	80,8,1	64,8,1	64,8,1	96,8,1	64,8,1	64,8,1	120,8,1	120,8,1	80,8,1	88,8,1	96,8,1	96,8,1	96,8,1	96,8,1	96,8,1	248,8,1	248,8,1	96,8,1	96,8,1	96,8,1	96,8,1	96,8,1	96,8,1	96,8,1	96,8,1	192,8,1	64,8,1	64,8,1	48,8,1	48,8,1	104,8,1	104,8,1	88,8,1	104,8,1	120,8,1	80,8,1	80,8,1	96,8,1	96,8,1	96,8,1	96,8,1	104,8,1	104,8,1	104,8,1	96,8,1	128,8,1	96,8,1	232,8,1	192,8,1	232,8,1	192,8,1	144,8,1	240,8,1	96,8,1	96,8,1	80,8,1	96,8,1	80,8,1	176,8,1	176,8,1	104,8,1	96,8,1	112,8,1	112,8,1	96,8,1	80,8,1	96,8,1	112,8,1	96,8,1	48,8,1	112,8,1	112,8,1	112,8,1
VÚ HÂn T∂ ThÒ 3	80,8,1	80,8,1	80,8,1	64,8,1	64,8,1	96,8,1	64,8,1	64,8,1	120,8,1	120,8,1	80,8,1	88,8,1	96,8,1	96,8,1	96,8,1	96,8,1	96,8,1	248,8,1	248,8,1	96,8,1	96,8,1	96,8,1	96,8,1	96,8,1	96,8,1	96,8,1	96,8,1	192,8,1	64,8,1	64,8,1	48,8,1	48,8,1	104,8,1	104,8,1	88,8,1	104,8,1	120,8,1	80,8,1	80,8,1	96,8,1	96,8,1	96,8,1	96,8,1	104,8,1	104,8,1	104,8,1	96,8,1	128,8,1	96,8,1	232,8,1	192,8,1	232,8,1	192,8,1	144,8,1	240,8,1	96,8,1	96,8,1	80,8,1	96,8,1	80,8,1	176,8,1	176,8,1	104,8,1	96,8,1	112,8,1	112,8,1	96,8,1	80,8,1	96,8,1	112,8,1	96,8,1	48,8,1	112,8,1	112,8,1	112,8,1
VÚ HÂn T∂ ThÒ 4	80,8,1	80,8,1	80,8,1	64,8,1	64,8,1	96,8,1	64,8,1	64,8,1	120,8,1	120,8,1	80,8,1	88,8,1	96,8,1	96,8,1	96,8,1	96,8,1	96,8,1	248,8,1	248,8,1	96,8,1	96,8,1	96,8,1	96,8,1	96,8,1	96,8,1	96,8,1	96,8,1	192,8,1	64,8,1	64,8,1	48,8,1	48,8,1	104,8,1	104,8,1	88,8,1	104,8,1	120,8,1	80,8,1	80,8,1	96,8,1	96,8,1	96,8,1	96,8,1	104,8,1	104,8,1	104,8,1	96,8,1	128,8,1	96,8,1	232,8,1	192,8,1	232,8,1	192,8,1	144,8,1	240,8,1	96,8,1	96,8,1	80,8,1	96,8,1	80,8,1	176,8,1	176,8,1	104,8,1	96,8,1	112,8,1	112,8,1	96,8,1	80,8,1	96,8,1	112,8,1	96,8,1	48,8,1	112,8,1	112,8,1	112,8,1
Anh Hµo Chi VÚ HÂn Thu…n Ph∏p	80,8,1	80,8,1	80,8,1	64,8,1	64,8,1	96,8,1	64,8,1	64,8,1	120,8,1	120,8,1	80,8,1	88,8,1	96,8,1	96,8,1	96,8,1	96,8,1	96,8,1	248,8,1	248,8,1	96,8,1	96,8,1	96,8,1	96,8,1	96,8,1	96,8,1	96,8,1	96,8,1	192,8,1	64,8,1	64,8,1	48,8,1	48,8,1	104,8,1	104,8,1	88,8,1	104,8,1	120,8,1	80,8,1	80,8,1	96,8,1	96,8,1	96,8,1	96,8,1	104,8,1	104,8,1	104,8,1	96,8,1	128,8,1	96,8,1	232,8,1	192,8,1	232,8,1	192,8,1	144,8,1	240,8,1	96,8,1	96,8,1	80,8,1	96,8,1	80,8,1	176,8,1	176,8,1	104,8,1	96,8,1	112,8,1	112,8,1	96,8,1	80,8,1	96,8,1	112,8,1	96,8,1	48,8,1	112,8,1	112,8,1	112,8,1
Anh Hµo Chi VÚ HÂn ßao Ph∏p	80,8,1	80,8,1	80,8,1	64,8,1	64,8,1	96,8,1	64,8,1	64,8,1	120,8,1	120,8,1	80,8,1	88,8,1	96,8,1	96,8,1	96,8,1	96,8,1	96,8,1	248,8,1	248,8,1	96,8,1	96,8,1	96,8,1	96,8,1	96,8,1	96,8,1	96,8,1	96,8,1	192,8,1	64,8,1	64,8,1	48,8,1	48,8,1	104,8,1	104,8,1	88,8,1	104,8,1	120,8,1	80,8,1	80,8,1	96,8,1	96,8,1	96,8,1	96,8,1	104,8,1	104,8,1	104,8,1	96,8,1	128,8,1	96,8,1	232,8,1	192,8,1	232,8,1	192,8,1	144,8,1	240,8,1	96,8,1	96,8,1	80,8,1	96,8,1	80,8,1	176,8,1	176,8,1	104,8,1	96,8,1	112,8,1	112,8,1	96,8,1	80,8,1	96,8,1	112,8,1	96,8,1	48,8,1	112,8,1	112,8,1	112,8,1
Ti™u Dao C«m Chi 1	80,8,1	80,8,1	80,8,1	64,8,1	64,8,1	96,8,1	64,8,1	64,8,1	120,8,1	120,8,1	80,8,1	88,8,1	96,8,1	96,8,1	96,8,1	96,8,1	96,8,1	248,8,1	248,8,1	96,8,1	96,8,1	96,8,1	96,8,1	96,8,1	96,8,1	96,8,1	96,8,1	192,8,1	64,8,1	64,8,1	48,8,1	48,8,1	104,8,1	104,8,1	88,8,1	104,8,1	120,8,1	80,8,1	80,8,1	96,8,1	96,8,1	96,8,1	96,8,1	104,8,1	104,8,1	104,8,1	96,8,1	128,8,1	96,8,1	232,8,1	192,8,1	232,8,1	192,8,1	144,8,1	240,8,1	96,8,1	96,8,1	80,8,1	96,8,1	80,8,1	176,8,1	176,8,1	104,8,1	96,8,1	112,8,1	112,8,1	96,8,1	80,8,1	96,8,1	112,8,1	96,8,1	48,8,1	112,8,1	112,8,1	112,8,1
Ti™u Dao C«m Chi 2	80,8,1	80,8,1	80,8,1	64,8,1	64,8,1	96,8,1	64,8,1	64,8,1	120,8,1	120,8,1	80,8,1	88,8,1	96,8,1	96,8,1	96,8,1	96,8,1	96,8,1	248,8,1	248,8,1	96,8,1	96,8,1	96,8,1	96,8,1	96,8,1	96,8,1	96,8,1	96,8,1	192,8,1	64,8,1	64,8,1	48,8,1	48,8,1	104,8,1	104,8,1	88,8,1	104,8,1	120,8,1	80,8,1	80,8,1	96,8,1	96,8,1	96,8,1	96,8,1	104,8,1	104,8,1	104,8,1	96,8,1	128,8,1	96,8,1	232,8,1	192,8,1	232,8,1	192,8,1	144,8,1	240,8,1	96,8,1	96,8,1	80,8,1	96,8,1	80,8,1	176,8,1	176,8,1	104,8,1	96,8,1	112,8,1	112,8,1	96,8,1	80,8,1	96,8,1	112,8,1	96,8,1	48,8,1	112,8,1	112,8,1	112,8,1
Ti™u Dao C«m Chi 3	80,8,1	80,8,1	80,8,1	64,8,1	64,8,1	96,8,1	64,8,1	64,8,1	120,8,1	120,8,1	80,8,1	88,8,1	96,8,1	96,8,1	96,8,1	96,8,1	96,8,1	248,8,1	248,8,1	96,8,1	96,8,1	96,8,1	96,8,1	96,8,1	96,8,1	96,8,1	96,8,1	192,8,1	64,8,1	64,8,1	48,8,1	48,8,1	104,8,1	104,8,1	88,8,1	104,8,1	120,8,1	80,8,1	80,8,1	96,8,1	96,8,1	96,8,1	96,8,1	104,8,1	104,8,1	104,8,1	96,8,1	128,8,1	96,8,1	232,8,1	192,8,1	232,8,1	192,8,1	144,8,1	240,8,1	96,8,1	96,8,1	80,8,1	96,8,1	80,8,1	176,8,1	176,8,1	104,8,1	96,8,1	112,8,1	112,8,1	96,8,1	80,8,1	96,8,1	112,8,1	96,8,1	48,8,1	112,8,1	112,8,1	112,8,1
Ti™u Dao C«m Chi 4	80,8,1	80,8,1	80,8,1	64,8,1	64,8,1	96,8,1	64,8,1	64,8,1	120,8,1	120,8,1	80,8,1	88,8,1	96,8,1	96,8,1	96,8,1	96,8,1	96,8,1	248,8,1	248,8,1	96,8,1	96,8,1	96,8,1	96,8,1	96,8,1	96,8,1	96,8,1	96,8,1	192,8,1	64,8,1	64,8,1	48,8,1	48,8,1	104,8,1	104,8,1	88,8,1	104,8,1	120,8,1	80,8,1	80,8,1	96,8,1	96,8,1	96,8,1	96,8,1	104,8,1	104,8,1	104,8,1	96,8,1	128,8,1	96,8,1	232,8,1	192,8,1	232,8,1	192,8,1	144,8,1	240,8,1	96,8,1	96,8,1	80,8,1	96,8,1	80,8,1	176,8,1	176,8,1	104,8,1	96,8,1	112,8,1	112,8,1	96,8,1	80,8,1	96,8,1	112,8,1	96,8,1	48,8,1	112,8,1	112,8,1	112,8,1
