EqName	SwordShieldWFreeStand	ShieldSwordWFreeStand	FreeStand1	FreeStand2	FreeStand3	MeleeWStand	RangeWStand	DoubleWStand	SwordShieldWStand	ShieldSwordWStand	GuqinWStand1	GuqinWStand2	FreeWalk	NormalWalk	MeleeWWalk	RangeWWalk	DoubleWWalk	SwordShieldWWalk	ShieldSwordWWalk	GuqinWWalk	FreeRun	NormalRun	MeleeWRun	RangeWRun	DoubleWRun	SwordShieldWRun	ShieldSwordWRun	GuqinWRun	FreeWound	MeleeWWound	RangeWWound	DoubleWWound	SwordShieldWWound	ShieldSwordWWound	GuqinWWound	FreeDie	MeleeWDie	RangeWDie	DoubleWDie	SwordShieldWDie	ShieldSwordWDie	GuqinWDie	FreeAttack	MeleeWPuncture	MeleeWCut	RangeWPuncture	RangeWCut	DoubleWPull	DoubleWPound	SwordShieldWChop	SwordShieldWCut	ShieldSwordWChop	ShieldSwordWCut	GuqinWPuncture	GuqinWCut	DartThrow	FreeMagic	MeleeWMagic	RangeWMagic	DoubleWMagic	SwordShieldWMagic	ShieldSwordWMagic	GuqinWMagic	SitDown	Jump	RideStand	RideWalk	RideRun	RideCut	RidePuncture	RideMagic	RideWound	RideDie	RideStand1	RideStand2
Ph«n ß«u 01	120,8,1	120,8,1							120,8,1	120,8,1	88,8,1	88,8,1						248,8,1	248,8,1	96,8,1						96,8,1	96,8,1	88,8,1					104,8,1	104,8,1	56,8,1					104,8,1	104,8,1	120,8,1								232,8,1	192,8,1	232,8,1	192,8,1	80,8,1	184,8,1						176,8,1	176,8,1	96,8,1												
Ph«n ß«u 02	120,8,1	120,8,1							120,8,1	120,8,1	88,8,1	88,8,1						248,8,1	248,8,1	96,8,1						96,8,1	96,8,1	88,8,1					104,8,1	104,8,1	56,8,1					104,8,1	104,8,1	120,8,1								232,8,1	192,8,1	232,8,1	192,8,1	80,8,1	184,8,1						176,8,1	176,8,1	96,8,1												
Ph«n ß«u 03	120,8,1	120,8,1							120,8,1	120,8,1	88,8,1	88,8,1						248,8,1	248,8,1	96,8,1						96,8,1	96,8,1	88,8,1					104,8,1	104,8,1	56,8,1					104,8,1	104,8,1	120,8,1								232,8,1	192,8,1	232,8,1	192,8,1	80,8,1	184,8,1						176,8,1	176,8,1	96,8,1												
Ph«n ß«u 04	120,8,1	120,8,1							120,8,1	120,8,1	88,8,1	88,8,1						248,8,1	248,8,1	96,8,1						96,8,1	96,8,1	88,8,1					104,8,1	104,8,1	56,8,1					104,8,1	104,8,1	120,8,1								232,8,1	192,8,1	232,8,1	192,8,1	80,8,1	184,8,1						176,8,1	176,8,1	96,8,1												
Ph«n ß«u 05	120,8,1	120,8,1							120,8,1	120,8,1	88,8,1	88,8,1						248,8,1	248,8,1	96,8,1						96,8,1	96,8,1	88,8,1					104,8,1	104,8,1	56,8,1					104,8,1	104,8,1	120,8,1								232,8,1	192,8,1	232,8,1	192,8,1	80,8,1	184,8,1						176,8,1	176,8,1	96,8,1												
Ph«n ß«u 06	120,8,1	120,8,1							120,8,1	120,8,1	88,8,1	88,8,1						248,8,1	248,8,1	96,8,1						96,8,1	96,8,1	88,8,1					104,8,1	104,8,1	56,8,1					104,8,1	104,8,1	120,8,1								232,8,1	192,8,1	232,8,1	192,8,1	80,8,1	184,8,1						176,8,1	176,8,1	96,8,1												
Ph«n ß«u 07	120,8,1	120,8,1							120,8,1	120,8,1	88,8,1	88,8,1						248,8,1	248,8,1	96,8,1						96,8,1	96,8,1	88,8,1					104,8,1	104,8,1	56,8,1					104,8,1	104,8,1	120,8,1								232,8,1	192,8,1	232,8,1	192,8,1	80,8,1	184,8,1						176,8,1	176,8,1	96,8,1												
Ph«n ß«u 08	120,8,1	120,8,1							120,8,1	120,8,1	88,8,1	88,8,1						248,8,1	248,8,1	96,8,1						96,8,1	96,8,1	88,8,1					104,8,1	104,8,1	56,8,1					104,8,1	104,8,1	120,8,1								232,8,1	192,8,1	232,8,1	192,8,1	80,8,1	184,8,1						176,8,1	176,8,1	96,8,1												
Ph«n ß«u 09	120,8,1	120,8,1							120,8,1	120,8,1	88,8,1	88,8,1						248,8,1	248,8,1	96,8,1						96,8,1	96,8,1	88,8,1					104,8,1	104,8,1	56,8,1					104,8,1	104,8,1	120,8,1								232,8,1	192,8,1	232,8,1	192,8,1	80,8,1	184,8,1						176,8,1	176,8,1	96,8,1												
Ph«n ß«u 10	120,8,1	120,8,1							120,8,1	120,8,1	88,8,1	88,8,1						248,8,1	248,8,1	96,8,1						96,8,1	96,8,1	88,8,1					104,8,1	104,8,1	56,8,1					104,8,1	104,8,1	120,8,1								232,8,1	192,8,1	232,8,1	192,8,1	80,8,1	184,8,1						176,8,1	176,8,1	96,8,1												
Ph«n ß«u 11	120,8,1	120,8,1							120,8,1	120,8,1	88,8,1	88,8,1						248,8,1	248,8,1	96,8,1						96,8,1	96,8,1	88,8,1					104,8,1	104,8,1	56,8,1					104,8,1	104,8,1	120,8,1								232,8,1	192,8,1	232,8,1	192,8,1	80,8,1	184,8,1						176,8,1	176,8,1	96,8,1												
Ph«n ß«u 12	120,8,1	120,8,1	120,8,1	120,8,1	88,8,1	88,8,1	88,8,1	88,8,1	120,8,1	120,8,1	88,8,1	88,8,1	120,8,1	120,8,1	120,8,1	120,8,1	120,8,1	248,8,1	248,8,1	96,8,1	88,8,1	88,8,1	88,8,1	88,8,1	88,8,1	96,8,1	96,8,1	88,8,1	72,8,1	64,8,1	56,8,1	96,8,1	104,8,1	104,8,1	56,8,1	96,8,1	88,8,1	120,8,1	144,8,1	104,8,1	104,8,1	120,8,1	144,8,1	128,8,1	112,8,1	96,8,1	96,8,1	128,8,1	96,8,1	232,8,1	192,8,1	232,8,1	192,8,1	80,8,1	184,8,1	128,8,1	96,8,1	96,8,1	104,8,1	128,8,1	176,8,1	176,8,1	96,8,1	72,8,1	160,8,1	112,8,1	96,8,1	80,8,1	96,8,1	112,8,1	96,8,1	48,8,1		112,8,1	112,8,1
Ph«n ß«u 13	120,8,1	120,8,1							120,8,1	120,8,1	88,8,1	88,8,1						248,8,1	248,8,1	96,8,1						96,8,1	96,8,1	88,8,1					104,8,1	104,8,1	56,8,1					104,8,1	104,8,1	120,8,1								232,8,1	192,8,1	232,8,1	192,8,1	80,8,1	184,8,1						176,8,1	176,8,1	96,8,1												
Ph«n ß«u 14	120,8,1	120,8,1							120,8,1	120,8,1	88,8,1	88,8,1						248,8,1	248,8,1	96,8,1						96,8,1	96,8,1	88,8,1					104,8,1	104,8,1	56,8,1					104,8,1	104,8,1	120,8,1								232,8,1	192,8,1	232,8,1	192,8,1	80,8,1	184,8,1						176,8,1	176,8,1	96,8,1												
Ph«n ß«u 15	120,8,1	120,8,1							120,8,1	120,8,1	88,8,1	88,8,1						248,8,1	248,8,1	96,8,1						96,8,1	96,8,1	88,8,1					104,8,1	104,8,1	56,8,1					104,8,1	104,8,1	120,8,1								232,8,1	192,8,1	232,8,1	192,8,1	80,8,1	184,8,1						176,8,1	176,8,1	96,8,1												
Ph«n ß«u 16	120,8,1	120,8,1							120,8,1	120,8,1	88,8,1	88,8,1						248,8,1	248,8,1	96,8,1						96,8,1	96,8,1	88,8,1					104,8,1	104,8,1	56,8,1					104,8,1	104,8,1	120,8,1								232,8,1	192,8,1	232,8,1	192,8,1	80,8,1	184,8,1						176,8,1	176,8,1	96,8,1	72,8,1											
Ph«n ß«u 17	120,8,1	120,8,1							120,8,1	120,8,1	88,8,1	88,8,1						248,8,1	248,8,1	96,8,1						96,8,1	96,8,1	88,8,1					104,8,1	104,8,1	56,8,1					104,8,1	104,8,1	120,8,1								232,8,1	192,8,1	232,8,1	192,8,1	80,8,1	184,8,1						176,8,1	176,8,1	96,8,1												
Ph«n ß«u 18	120,8,1	120,8,1							120,8,1	120,8,1	88,8,1	88,8,1						248,8,1	248,8,1	96,8,1						96,8,1	96,8,1	88,8,1					104,8,1	104,8,1	56,8,1					104,8,1	104,8,1	120,8,1								232,8,1	192,8,1	232,8,1	192,8,1	80,8,1	184,8,1						176,8,1	176,8,1	96,8,1												
Ph«n ß«u 19	120,8,1	120,8,1	120,8,1	120,8,1	88,8,1	88,8,1	88,8,1	88,8,1	120,8,1	120,8,1	88,8,1	88,8,1	120,8,1	120,8,1	120,8,1	120,8,1	120,8,1	248,8,1	248,8,1	96,8,1	88,8,1	88,8,1	88,8,1	88,8,1	88,8,1	96,8,1	96,8,1	88,8,1	72,8,1	64,8,1	56,8,1	96,8,1	104,8,1	104,8,1	56,8,1	96,8,1	88,8,1	120,8,1	144,8,1	104,8,1	104,8,1	120,8,1	144,8,1	128,8,1	112,8,1	96,8,1	96,8,1	128,8,1	96,8,1	232,8,1	192,8,1	232,8,1	192,8,1	80,8,1	184,8,1	128,8,1	96,8,1	96,8,1	104,8,1	128,8,1	176,8,1	176,8,1	96,8,1	72,8,1	160,8,1	112,8,1	96,8,1	80,8,1	96,8,1	112,8,1	96,8,1	48,8,1		112,8,1	112,8,1
Ph«n ß«u 20	120,8,1	120,8,1							120,8,1	120,8,1	88,8,1	88,8,1						248,8,1	248,8,1	96,8,1						96,8,1	96,8,1	88,8,1					104,8,1	104,8,1	56,8,1					104,8,1	104,8,1	120,8,1								232,8,1	192,8,1	232,8,1	192,8,1	80,8,1	184,8,1						176,8,1	176,8,1	96,8,1												
Ph«n ß«u 21	120,8,1	120,8,1							120,8,1	120,8,1	88,8,1	88,8,1						248,8,1	248,8,1	96,8,1						96,8,1	96,8,1	88,8,1					104,8,1	104,8,1	56,8,1					104,8,1	104,8,1	120,8,1								232,8,1	192,8,1	232,8,1	192,8,1	80,8,1	184,8,1						176,8,1	176,8,1	96,8,1												
Ph«n ß«u 22 Thi’u L©m	120,8,1	120,8,1	120,8,1	120,8,1	88,8,1	88,8,1	88,8,1	88,8,1	120,8,1	120,8,1	88,8,1	88,8,1	120,8,1	120,8,1	120,8,1	120,8,1	120,8,1	248,8,1	248,8,1	96,8,1	88,8,1	88,8,1	88,8,1	88,8,1	88,8,1	96,8,1	96,8,1	88,8,1	72,8,1	64,8,1	56,8,1	96,8,1	104,8,1	104,8,1	56,8,1	96,8,1	88,8,1	120,8,1	144,8,1	104,8,1	104,8,1	120,8,1	144,8,1	128,8,1	112,8,1	96,8,1	96,8,1	128,8,1	96,8,1	232,8,1	192,8,1	232,8,1	192,8,1	80,8,1	184,8,1	128,8,1	96,8,1	96,8,1	104,8,1	128,8,1	176,8,1	176,8,1	96,8,1	72,8,1	160,8,1	112,8,1	96,8,1	80,8,1	96,8,1	112,8,1	96,8,1	48,8,1		112,8,1	112,8,1
Ph«n ß«u 23 Thi™n V≠¨ng	120,8,1	120,8,1	120,8,1	120,8,1	88,8,1	88,8,1	88,8,1	88,8,1	120,8,1	120,8,1	88,8,1	88,8,1	120,8,1	120,8,1	120,8,1	120,8,1	120,8,1	248,8,1	248,8,1	96,8,1	88,8,1	88,8,1	88,8,1	88,8,1	88,8,1	96,8,1	96,8,1	88,8,1	72,8,1	64,8,1	56,8,1	96,8,1	104,8,1	104,8,1	56,8,1	96,8,1	88,8,1	120,8,1	144,8,1	104,8,1	104,8,1	120,8,1	144,8,1	128,8,1	112,8,1	96,8,1	96,8,1	128,8,1	96,8,1	232,8,1	192,8,1	232,8,1	192,8,1	80,8,1	184,8,1	128,8,1	96,8,1	96,8,1	104,8,1	128,8,1	176,8,1	176,8,1	96,8,1	72,8,1	160,8,1	112,8,1	96,8,1	80,8,1	96,8,1	112,8,1	96,8,1	48,8,1		112,8,1	112,8,1
Ph«n ß«u 24 Nga Mi ThÛy Y™n	120,8,1	120,8,1	120,8,1	120,8,1	88,8,1	88,8,1	88,8,1	88,8,1	120,8,1	120,8,1	88,8,1	88,8,1	120,8,1	120,8,1	120,8,1	120,8,1	120,8,1	248,8,1	248,8,1	96,8,1	88,8,1	88,8,1	88,8,1	88,8,1	88,8,1	96,8,1	96,8,1	88,8,1	72,8,1	64,8,1	56,8,1	96,8,1	104,8,1	104,8,1	56,8,1	96,8,1	88,8,1	120,8,1	144,8,1	104,8,1	104,8,1	120,8,1	144,8,1	128,8,1	112,8,1	96,8,1	96,8,1	128,8,1	96,8,1	232,8,1	192,8,1	232,8,1	192,8,1	80,8,1	184,8,1	128,8,1	96,8,1	96,8,1	104,8,1	128,8,1	176,8,1	176,8,1	96,8,1	72,8,1	160,8,1	112,8,1	96,8,1	80,8,1	96,8,1	112,8,1	96,8,1	48,8,1		112,8,1	112,8,1
Ph«n ß«u 25 NgÚ ßÈc ß≠Íng M´n	120,8,1	120,8,1	120,8,1	120,8,1	88,8,1	88,8,1	88,8,1	88,8,1	120,8,1	120,8,1	88,8,1	88,8,1	120,8,1	120,8,1	120,8,1	120,8,1	120,8,1	248,8,1	248,8,1	96,8,1	88,8,1	88,8,1	88,8,1	88,8,1	88,8,1	96,8,1	96,8,1	88,8,1	72,8,1	64,8,1	56,8,1	96,8,1	104,8,1	104,8,1	56,8,1	96,8,1	88,8,1	120,8,1	144,8,1	104,8,1	104,8,1	120,8,1	144,8,1	128,8,1	112,8,1	96,8,1	96,8,1	128,8,1	96,8,1	232,8,1	192,8,1	232,8,1	192,8,1	80,8,1	184,8,1	128,8,1	96,8,1	96,8,1	104,8,1	128,8,1	176,8,1	176,8,1	96,8,1	72,8,1	160,8,1	112,8,1	96,8,1	80,8,1	96,8,1	112,8,1	96,8,1	48,8,1		112,8,1	112,8,1
Ph«n ß«u 26 C∏I Bang	120,8,1	120,8,1	120,8,1	120,8,1	88,8,1	88,8,1	88,8,1	88,8,1	120,8,1	120,8,1	88,8,1	88,8,1	120,8,1	120,8,1	120,8,1	120,8,1	120,8,1	248,8,1	248,8,1	96,8,1	88,8,1	88,8,1	88,8,1	88,8,1	88,8,1	96,8,1	96,8,1	88,8,1	72,8,1	64,8,1	56,8,1	96,8,1	104,8,1	104,8,1	56,8,1	96,8,1	88,8,1	120,8,1	144,8,1	104,8,1	104,8,1	120,8,1	144,8,1	128,8,1	112,8,1	96,8,1	96,8,1	128,8,1	96,8,1	232,8,1	192,8,1	232,8,1	192,8,1	80,8,1	184,8,1	128,8,1	96,8,1	96,8,1	104,8,1	128,8,1	176,8,1	176,8,1	96,8,1	72,8,1	160,8,1	112,8,1	96,8,1	80,8,1	96,8,1	112,8,1	96,8,1	48,8,1		112,8,1	112,8,1
Ph«n ß«u 27 Thi™n Nh…n	120,8,1	120,8,1	120,8,1	120,8,1	88,8,1	88,8,1	88,8,1	88,8,1	120,8,1	120,8,1	88,8,1	88,8,1	120,8,1	120,8,1	120,8,1	120,8,1	120,8,1	248,8,1	248,8,1	96,8,1	88,8,1	88,8,1	88,8,1	88,8,1	88,8,1	96,8,1	96,8,1	88,8,1	72,8,1	64,8,1	56,8,1	96,8,1	104,8,1	104,8,1	56,8,1	96,8,1	88,8,1	120,8,1	144,8,1	104,8,1	104,8,1	120,8,1	144,8,1	128,8,1	112,8,1	96,8,1	96,8,1	128,8,1	96,8,1	232,8,1	192,8,1	232,8,1	192,8,1	80,8,1	184,8,1	128,8,1	96,8,1	96,8,1	104,8,1	128,8,1	176,8,1	176,8,1	96,8,1	72,8,1	160,8,1	112,8,1	96,8,1	80,8,1	96,8,1	112,8,1	96,8,1	48,8,1		112,8,1	112,8,1
Ph«n ß«u 28 V‚ ßang C´n L´n	120,8,1	120,8,1	120,8,1	120,8,1	88,8,1	88,8,1	88,8,1	88,8,1	120,8,1	120,8,1	88,8,1	88,8,1	120,8,1	120,8,1	120,8,1	120,8,1	120,8,1	248,8,1	248,8,1	96,8,1	88,8,1	88,8,1	88,8,1	88,8,1	88,8,1	96,8,1	96,8,1	88,8,1	72,8,1	64,8,1	56,8,1	96,8,1	104,8,1	104,8,1	56,8,1	96,8,1	88,8,1	120,8,1	144,8,1	104,8,1	104,8,1	120,8,1	144,8,1	128,8,1	112,8,1	96,8,1	96,8,1	128,8,1	96,8,1	232,8,1	192,8,1	232,8,1	192,8,1	80,8,1	184,8,1	128,8,1	96,8,1	96,8,1	104,8,1	128,8,1	176,8,1	176,8,1	96,8,1	72,8,1	160,8,1	112,8,1	96,8,1	80,8,1	96,8,1	112,8,1	96,8,1	48,8,1		112,8,1	112,8,1
Ph«n ß«u 29	120,8,1	120,8,1							120,8,1	120,8,1	88,8,1	88,8,1						248,8,1	248,8,1	96,8,1						96,8,1	96,8,1	88,8,1					104,8,1	104,8,1	56,8,1					104,8,1	104,8,1	120,8,1								232,8,1	192,8,1	232,8,1	192,8,1	80,8,1	184,8,1						176,8,1	176,8,1	96,8,1												
Ph«n ß«u 30	120,8,1	120,8,1							120,8,1	120,8,1	88,8,1	88,8,1						248,8,1	248,8,1	96,8,1						96,8,1	96,8,1	88,8,1					104,8,1	104,8,1	56,8,1					104,8,1	104,8,1	120,8,1								232,8,1	192,8,1	232,8,1	192,8,1	80,8,1	184,8,1						176,8,1	176,8,1	96,8,1												
Ph«n ß«u 31	120,8,1	120,8,1							120,8,1	120,8,1	88,8,1	88,8,1						248,8,1	248,8,1	96,8,1						96,8,1	96,8,1	88,8,1					104,8,1	104,8,1	56,8,1					104,8,1	104,8,1	120,8,1								232,8,1	192,8,1	232,8,1	192,8,1	80,8,1	184,8,1						176,8,1	176,8,1	96,8,1												
Ph«n ß«u 32	120,8,1	120,8,1							120,8,1	120,8,1	88,8,1	88,8,1						248,8,1	248,8,1	96,8,1						96,8,1	96,8,1	88,8,1					104,8,1	104,8,1	56,8,1					104,8,1	104,8,1	120,8,1								232,8,1	192,8,1	232,8,1	192,8,1	80,8,1	184,8,1						176,8,1	176,8,1	96,8,1												
Ph«n ß«u 33	120,8,1	120,8,1	120,8,1	120,8,1	88,8,1	88,8,1	88,8,1	88,8,1	120,8,1	120,8,1	88,8,1	88,8,1	120,8,1	120,8,1	120,8,1	120,8,1	120,8,1	248,8,1	248,8,1	96,8,1	88,8,1	88,8,1	88,8,1	88,8,1	88,8,1	96,8,1	96,8,1	88,8,1	72,8,1	64,8,1	48,8,1	104,8,1	104,8,1	104,8,1	56,8,1	96,8,1	88,8,1	120,8,1	144,8,1	104,8,1	104,8,1	120,8,1	144,8,1	128,8,1	112,8,1	96,8,1	96,8,1	128,8,1	96,8,1	232,8,1	192,8,1	232,8,1	192,8,1	80,8,1	184,8,1	128,8,1	96,8,1	96,8,1	104,8,1	128,8,1	176,8,1	176,8,1	96,8,1	72,8,1	160,8,1	112,8,1	96,8,1	80,8,1	96,8,1	112,8,1	104,8,1	48,8,1	112,8,1	112,8,1	112,8,1
Ph«n ß«u 34	120,8,1	120,8,1	120,8,1	120,8,1	88,8,1	88,8,1	88,8,1	88,8,1	120,8,1	120,8,1	88,8,1	88,8,1	120,8,1	120,8,1	120,8,1	120,8,1	120,8,1	248,8,1	248,8,1	96,8,1	88,8,1	88,8,1	88,8,1	88,8,1	88,8,1	96,8,1	96,8,1	88,8,1	72,8,1	64,8,1	56,8,1	96,8,1	104,8,1	104,8,1	56,8,1	96,8,1	88,8,1	120,8,1	144,8,1	104,8,1	104,8,1	120,8,1	144,8,1	128,8,1	112,8,1	96,8,1	96,8,1	128,8,1	96,8,1	232,8,1	192,8,1	232,8,1	192,8,1	80,8,1	184,8,1	128,8,1	96,8,1	96,8,1	104,8,1	128,8,1	176,8,1	176,8,1	96,8,1	72,8,1	160,8,1	112,8,1	96,8,1	80,8,1	96,8,1	112,8,1	96,8,1	48,8,1	112,8,1	112,8,1	112,8,1
Ph«n ß«u 35	120,8,1	120,8,1							120,8,1	120,8,1	88,8,1	88,8,1						248,8,1	248,8,1	96,8,1						96,8,1	96,8,1	88,8,1					104,8,1	104,8,1	56,8,1					104,8,1	104,8,1	120,8,1								232,8,1	192,8,1	232,8,1	192,8,1	80,8,1	184,8,1						176,8,1	176,8,1	96,8,1												
Ph«n ß«u 36	120,8,1	120,8,1	120,8,1	120,8,1	88,8,1	88,8,1	88,8,1	88,8,1	120,8,1	120,8,1	88,8,1	88,8,1	120,8,1	120,8,1	120,8,1	120,8,1	120,8,1	248,8,1	248,8,1	96,8,1	88,8,1	88,8,1	88,8,1	88,8,1	88,8,1	96,8,1	96,8,1	88,8,1	72,8,1	64,8,1	56,8,1	96,8,1	104,8,1	104,8,1	56,8,1	96,8,1	88,8,1	120,8,1	144,8,1	104,8,1	104,8,1	120,8,1	144,8,1	128,8,1	112,8,1	96,8,1	96,8,1	128,8,1	96,8,1	232,8,1	192,8,1	232,8,1	192,8,1	80,8,1	184,8,1	128,8,1	96,8,1	96,8,1	104,8,1	128,8,1	176,8,1	176,8,1	96,8,1	72,8,1	160,8,1	112,8,1	96,8,1	80,8,1	96,8,1	112,8,1	96,8,1	48,8,1	112,8,1	112,8,1	112,8,1
Ph«n ß«u 37	120,8,1	120,8,1	120,8,1	120,8,1	88,8,1	88,8,1	88,8,1	88,8,1	120,8,1	120,8,1	88,8,1	88,8,1	120,8,1	120,8,1	120,8,1	120,8,1	120,8,1	248,8,1	248,8,1	96,8,1	88,8,1	88,8,1	88,8,1	88,8,1	88,8,1	96,8,1	96,8,1	88,8,1	72,8,1	64,8,1	56,8,1	96,8,1	104,8,1	104,8,1	56,8,1	96,8,1	88,8,1	120,8,1	144,8,1	104,8,1	104,8,1	120,8,1	144,8,1	128,8,1	112,8,1	96,8,1	96,8,1	128,8,1	96,8,1	232,8,1	192,8,1	232,8,1	192,8,1	80,8,1	184,8,1	128,8,1	96,8,1	96,8,1	104,8,1	128,8,1	176,8,1	176,8,1	96,8,1	72,8,1	160,8,1	112,8,1	96,8,1	80,8,1	96,8,1	112,8,1	96,8,1	48,8,1	112,8,1	112,8,1	112,8,1
Ph«n ß«u 38	120,8,1	120,8,1	120,8,1	120,8,1	88,8,1	88,8,1	88,8,1	88,8,1	120,8,1	120,8,1	88,8,1	88,8,1	120,8,1	120,8,1	120,8,1	120,8,1	120,8,1	248,8,1	248,8,1	96,8,1	88,8,1	88,8,1	88,8,1	88,8,1	88,8,1	96,8,1	96,8,1	88,8,1	72,8,1	64,8,1	56,8,1	96,8,1	104,8,1	104,8,1	56,8,1	96,8,1	88,8,1	120,8,1	144,8,1	104,8,1	104,8,1	120,8,1	144,8,1	128,8,1	112,8,1	96,8,1	96,8,1	128,8,1	96,8,1	232,8,1	192,8,1	232,8,1	192,8,1	80,8,1	184,8,1	128,8,1	96,8,1	96,8,1	104,8,1	128,8,1	176,8,1	176,8,1	96,8,1	72,8,1	160,8,1	112,8,1	96,8,1	80,8,1	96,8,1	112,8,1	96,8,1	48,8,1	112,8,1	112,8,1	112,8,1
Ph«n ß«u 39	120,8,1	120,8,1	120,8,1	120,8,1	88,8,1	88,8,1	88,8,1	88,8,1	120,8,1	120,8,1	88,8,1	88,8,1	120,8,1	120,8,1	120,8,1	120,8,1	120,8,1	248,8,1	248,8,1	96,8,1	88,8,1	88,8,1	88,8,1	88,8,1	88,8,1	96,8,1	96,8,1	88,8,1	72,8,1	64,8,1	56,8,1	96,8,1	104,8,1	104,8,1	56,8,1	96,8,1	88,8,1	120,8,1	144,8,1	104,8,1	104,8,1	120,8,1	144,8,1	128,8,1	112,8,1	96,8,1	96,8,1	128,8,1	96,8,1	232,8,1	192,8,1	232,8,1	192,8,1	80,8,1	184,8,1	128,8,1	96,8,1	96,8,1	104,8,1	128,8,1	176,8,1	176,8,1	96,8,1	72,8,1	160,8,1	112,8,1	96,8,1	80,8,1	96,8,1	112,8,1	96,8,1	48,8,1	112,8,1	112,8,1	112,8,1
Ph«n ß«u 40	120,8,1	120,8,1	120,8,1	120,8,1	88,8,1	88,8,1	88,8,1	88,8,1	120,8,1	120,8,1	88,8,1	88,8,1	120,8,1	120,8,1	120,8,1	120,8,1	120,8,1	248,8,1	248,8,1	96,8,1	88,8,1	88,8,1	88,8,1	88,8,1	88,8,1	96,8,1	96,8,1	88,8,1	72,8,1	64,8,1	56,8,1	96,8,1	104,8,1	104,8,1	56,8,1	96,8,1	88,8,1	120,8,1	144,8,1	104,8,1	104,8,1	120,8,1	144,8,1	128,8,1	112,8,1	96,8,1	96,8,1	128,8,1	96,8,1	232,8,1	192,8,1	232,8,1	192,8,1	80,8,1	184,8,1	128,8,1	96,8,1	96,8,1	104,8,1	128,8,1	176,8,1	176,8,1	96,8,1	72,8,1	160,8,1	112,8,1	96,8,1	80,8,1	96,8,1	112,8,1	96,8,1	48,8,1	112,8,1	112,8,1	112,8,1
Ph«n ß«u 41	120,8,1	120,8,1	120,8,1	120,8,1	88,8,1	88,8,1	88,8,1	88,8,1	120,8,1	120,8,1	88,8,1	88,8,1	120,8,1	120,8,1	120,8,1	120,8,1	120,8,1	248,8,1	248,8,1	96,8,1	88,8,1	88,8,1	88,8,1	88,8,1	88,8,1	96,8,1	96,8,1	88,8,1	72,8,1	64,8,1	56,8,1	96,8,1	104,8,1	104,8,1	56,8,1	96,8,1	88,8,1	120,8,1	144,8,1	104,8,1	104,8,1	120,8,1	144,8,1	128,8,1	112,8,1	96,8,1	96,8,1	128,8,1	96,8,1	232,8,1	192,8,1	232,8,1	192,8,1	80,8,1	184,8,1	128,8,1	96,8,1	96,8,1	104,8,1	128,8,1	176,8,1	176,8,1	96,8,1	72,8,1	160,8,1	112,8,1	96,8,1	80,8,1	96,8,1	120,8,1	96,8,1	48,8,1	112,8,1	112,8,1	112,8,1
Ph«n ß«u 42	120,8,1	120,8,1	120,8,1	120,8,1	88,8,1	88,8,1	88,8,1	88,8,1	120,8,1	120,8,1	88,8,1	88,8,1	120,8,1	120,8,1	120,8,1	120,8,1	120,8,1	248,8,1	248,8,1	96,8,1	88,8,1	88,8,1	88,8,1	88,8,1	88,8,1	96,8,1	96,8,1	88,8,1	72,8,1	64,8,1	56,8,1	96,8,1	104,8,1	104,8,1	56,8,1	96,8,1	88,8,1	120,8,1	144,8,1	104,8,1	104,8,1	120,8,1	144,8,1	128,8,1	112,8,1	96,8,1	96,8,1	128,8,1	96,8,1	232,8,1	192,8,1	232,8,1	192,8,1	80,8,1	184,8,1	128,8,1	96,8,1	96,8,1	104,8,1	128,8,1	176,8,1	176,8,1	96,8,1	72,8,1	160,8,1	120,8,1	96,8,1	80,8,1	104,8,1	120,8,1	96,8,1	48,8,1	112,8,1	120,8,1	120,8,1
Ph«n ß«u 43	120,8,1	120,8,1	120,8,1	120,8,1	88,8,1	88,8,1	88,8,1	88,8,1	120,8,1	120,8,1	88,8,1	88,8,1	120,8,1	120,8,1	120,8,1	120,8,1	120,8,1	248,8,1	248,8,1	96,8,1	88,8,1	88,8,1	88,8,1	88,8,1	88,8,1	96,8,1	96,8,1	88,8,1	72,8,1	64,8,1	56,8,1	96,8,1	104,8,1	104,8,1	56,8,1	96,8,1	88,8,1	120,8,1	144,8,1	104,8,1	104,8,1	120,8,1	144,8,1	128,8,1	112,8,1	96,8,1		128,8,1	96,8,1	232,8,1	192,8,1	232,8,1	192,8,1	80,8,1	184,8,1	128,8,1	96,8,1	96,8,1	104,8,1	128,8,1	176,8,1	176,8,1	96,8,1	72,8,1	160,8,1	112,8,1	96,8,1	80,8,1	104,8,1	112,8,1	96,8,1	48,8,1	112,8,1	112,8,1	112,8,1
Ph«n ß«u 44	120,8,1	120,8,1	120,8,1	120,8,1	88,8,1	88,8,1	88,8,1	88,8,1	120,8,1	120,8,1	88,8,1	88,8,1	120,8,1	120,8,1	120,8,1	120,8,1	120,8,1	248,8,1	248,8,1	96,8,1	88,8,1	88,8,1	88,8,1	88,8,1	88,8,1	96,8,1	96,8,1	88,8,1	72,8,1	64,8,1	56,8,1	96,8,1	104,8,1	104,8,1	56,8,1	96,8,1	88,8,1	120,8,1	144,8,1	104,8,1	104,8,1	120,8,1	144,8,1	128,8,1	112,8,1	96,8,1	96,8,1	128,8,1	96,8,1	232,8,1	192,8,1	232,8,1	192,8,1	80,8,1	184,8,1	128,8,1	96,8,1	96,8,1	104,8,1	128,8,1	176,8,1	176,8,1	96,8,1	72,8,1	160,8,1	112,8,1	96,8,1	80,8,1	96,8,1	112,8,1	88,8,1	48,8,1	112,8,1	112,8,1	112,8,1
Ph«n ß«u 45	120,8,1	120,8,1							120,8,1	120,8,1	88,8,1	88,8,1						248,8,1	248,8,1	96,8,1						96,8,1	96,8,1	88,8,1					104,8,1	104,8,1	56,8,1					104,8,1	104,8,1	120,8,1								232,8,1	192,8,1	232,8,1	192,8,1	80,8,1	184,8,1						176,8,1	176,8,1	96,8,1												
Ph«n ß«u 46	120,8,1	120,8,1	120,8,1	120,8,1	88,8,1	88,8,1	88,8,1	88,8,1	120,8,1	120,8,1	88,8,1	88,8,1	120,8,1	120,8,1	120,8,1	120,8,1	120,8,1	248,8,1	248,8,1	96,8,1	88,8,1	88,8,1	88,8,1	88,8,1	88,8,1	96,8,1	96,8,1	88,8,1	72,8,1	64,8,1	56,8,1	96,8,1	104,8,1	104,8,1	56,8,1	96,8,1	88,8,1	120,8,1	144,8,1	104,8,1	104,8,1	120,8,1	144,8,1	128,8,1	112,8,1	96,8,1	96,8,1	128,8,1	96,8,1	232,8,1	192,8,1	232,8,1	192,8,1	80,8,1	184,8,1	128,8,1	96,8,1	96,8,1	104,8,1	128,8,1	176,8,1	176,8,1	96,8,1	72,8,1	160,8,1	112,8,1	96,8,1	80,8,1	96,8,1	112,8,1	96,8,1	48,8,1	112,8,1	112,8,1	112,8,1
Ph«n ß«u 47	120,8,1	120,8,1							120,8,1	120,8,1	88,8,1	88,8,1						248,8,1	248,8,1	96,8,1						96,8,1	96,8,1	88,8,1					104,8,1	104,8,1	56,8,1					104,8,1	104,8,1	120,8,1								232,8,1	192,8,1	232,8,1	192,8,1	80,8,1	184,8,1						176,8,1	176,8,1	96,8,1												
Ph«n ß«u 48	120,8,1	120,8,1							120,8,1	120,8,1	88,8,1	88,8,1						248,8,1	248,8,1	96,8,1						96,8,1	96,8,1	88,8,1					104,8,1	104,8,1	56,8,1					104,8,1	104,8,1	120,8,1								232,8,1	192,8,1	232,8,1	192,8,1	80,8,1	184,8,1						176,8,1	176,8,1	96,8,1												
Ph«n ß«u 49	120,8,1	120,8,1	120,8,1	120,8,1	88,8,1	88,8,1	88,8,1	88,8,1	120,8,1	120,8,1	88,8,1	88,8,1	120,8,1	120,8,1	120,8,1	120,8,1	120,8,1	248,8,1	248,8,1	96,8,1	88,8,1	88,8,1	88,8,1	88,8,1	88,8,1	96,8,1	96,8,1	88,8,1	72,8,1	64,8,1	56,8,1	96,8,1	104,8,1	104,8,1	56,8,1	96,8,1	88,8,1	120,8,1		104,8,1	104,8,1	120,8,1	144,8,1	128,8,1	112,8,1	96,8,1	96,8,1	128,8,1	96,8,1	232,8,1	192,8,1	232,8,1	192,8,1	80,8,1	184,8,1	128,8,1	96,8,1	96,8,1	104,8,1	128,8,1	176,8,1	176,8,1	96,8,1	72,8,1	160,8,1	112,8,1	96,8,1	80,8,1	96,8,1	112,8,1	96,8,1	48,8,1	120,8,1	112,8,1	112,8,1
Ph«n ß«u 50	120,8,1	120,8,1	120,8,1	120,8,1	88,8,1	88,8,1	88,8,1	88,8,1	120,8,1	120,8,1	88,8,1	88,8,1	120,8,1	120,8,1	120,8,1	120,8,1	120,8,1	248,8,1	248,8,1	96,8,1	88,8,1	88,8,1	88,8,1	88,8,1	88,8,1	96,8,1	96,8,1	88,8,1	72,8,1	64,8,1	56,8,1	96,8,1	104,8,1	104,8,1	56,8,1	96,8,1	88,8,1	120,8,1	144,8,1	104,8,1	104,8,1	120,8,1	144,8,1	128,8,1	112,8,1	96,8,1	96,8,1	128,8,1	96,8,1	232,8,1	192,8,1	232,8,1	192,8,1	80,8,1	184,8,1	128,8,1	96,8,1	96,8,1	104,8,1	128,8,1	176,8,1	176,8,1	96,8,1	72,8,1	160,8,1	112,8,1	96,8,1	80,8,1	96,8,1	112,8,1	96,8,1	48,8,1	112,8,1	112,8,1	112,8,1
Ph«n ß«u 51	120,8,1	120,8,1	120,8,1	120,8,1	88,8,1	88,8,1	88,8,1	88,8,1	120,8,1	120,8,1	88,8,1	88,8,1	120,8,1	120,8,1	120,8,1	120,8,1	120,8,1	248,8,1	248,8,1	96,8,1	88,8,1	88,8,1	88,8,1	88,8,1	88,8,1	96,8,1	96,8,1	88,8,1	72,8,1	64,8,1	56,8,1	96,8,1	104,8,1	104,8,1	56,8,1	96,8,1	88,8,1	120,8,1	144,8,1	104,8,1	104,8,1	120,8,1	144,8,1	128,8,1	112,8,1	96,8,1	96,8,1	128,8,1	96,8,1	232,8,1	192,8,1	232,8,1	192,8,1	80,8,1	184,8,1	128,8,1	96,8,1	96,8,1	104,8,1	128,8,1	176,8,1	176,8,1	96,8,1	72,8,1	160,8,1	112,8,1	96,8,1	80,8,1	96,8,1	112,8,1	96,8,1	48,8,1	120,8,1	112,8,1	112,8,1
Ph«n ß«u 52	120,8,1	120,8,1	120,8,1	120,8,1	88,8,1	88,8,1	88,8,1	88,8,1	120,8,1	120,8,1	88,8,1	88,8,1	120,8,1	120,8,1	120,8,1	120,8,1	120,8,1	248,8,1	248,8,1	96,8,1	88,8,1	88,8,1	88,8,1	88,8,1	88,8,1	96,8,1	96,8,1	88,8,1	72,8,1	64,8,1	56,8,1	96,8,1	104,8,1	104,8,1	56,8,1	96,8,1	88,8,1	120,8,1	144,8,1	104,8,1	104,8,1	120,8,1	144,8,1	128,8,1	112,8,1	96,8,1	96,8,1	128,8,1	96,8,1	232,8,1	192,8,1	232,8,1	192,8,1	80,8,1	184,8,1	128,8,1	96,8,1	96,8,1	104,8,1	128,8,1	176,8,1	176,8,1	96,8,1	72,8,1	160,8,1	112,8,1	96,8,1	80,8,1	96,8,1	112,8,1	96,8,1	48,8,1	112,8,1	112,8,1	112,8,1
Ph«n ß«u 53	120,8,1	120,8,1	120,8,1	120,8,1	88,8,1	88,8,1	88,8,1	88,8,1	120,8,1	120,8,1	88,8,1	88,8,1	120,8,1	120,8,1	120,8,1	120,8,1	120,8,1	248,8,1	248,8,1	96,8,1	88,8,1	88,8,1	88,8,1	88,8,1	88,8,1	96,8,1	96,8,1	88,8,1	72,8,1	64,8,1	56,8,1	96,8,1	104,8,1	104,8,1	56,8,1	96,8,1	88,8,1	120,8,1	144,8,1	104,8,1	104,8,1	120,8,1	144,8,1	128,8,1	112,8,1	96,8,1	96,8,1	128,8,1	96,8,1	232,8,1	192,8,1	232,8,1	192,8,1	80,8,1	184,8,1	128,8,1	96,8,1	96,8,1	104,8,1	128,8,1	176,8,1	176,8,1	96,8,1	72,8,1	160,8,1	112,8,1	96,8,1	80,8,1	96,8,1	112,8,1	96,8,1	48,8,1	112,8,1	112,8,1	112,8,1
Ph«n ß«u 54	120,8,1	120,8,1							120,8,1	120,8,1	88,8,1	88,8,1						248,8,1	248,8,1	96,8,1						96,8,1	96,8,1	88,8,1					104,8,1	104,8,1	56,8,1					104,8,1	104,8,1	120,8,1								232,8,1	192,8,1	232,8,1	192,8,1	80,8,1	184,8,1						176,8,1	176,8,1	96,8,1												
Ph«n ß«u 55	120,8,1	120,8,1	120,8,1	120,8,1	88,8,1	88,8,1	88,8,1	88,8,1	120,8,1	120,8,1	88,8,1	88,8,1	120,8,1	120,8,1	120,8,1	120,8,1	120,8,1	248,8,1	248,8,1	96,8,1	88,8,1	88,8,1	88,8,1	88,8,1	88,8,1	96,8,1	96,8,1	88,8,1	72,8,1	64,8,1	56,8,1	96,8,1	104,8,1	104,8,1	56,8,1	96,8,1	88,8,1	120,8,1	144,8,1	104,8,1	104,8,1	120,8,1	144,8,1	128,8,1	112,8,1	96,8,1	96,8,1	128,8,1	96,8,1	232,8,1	192,8,1	232,8,1	192,8,1	80,8,1	184,8,1	128,8,1	96,8,1	96,8,1	104,8,1	128,8,1	176,8,1	176,8,1	96,8,1	72,8,1	160,8,1	112,8,1	96,8,1	80,8,1	96,8,1	112,8,1	96,8,1	48,8,1	112,8,1	112,8,1	112,8,1
Ph«n ß«u 56	120,8,1	120,8,1							120,8,1	120,8,1	88,8,1	88,8,1						248,8,1	248,8,1	96,8,1						96,8,1	96,8,1	88,8,1					104,8,1	104,8,1	56,8,1					104,8,1	104,8,1	120,8,1								232,8,1	192,8,1	232,8,1	192,8,1	80,8,1	184,8,1						176,8,1	176,8,1	96,8,1												
Ph«n ß«u 57	120,8,1	120,8,1							120,8,1	120,8,1	88,8,1	88,8,1						248,8,1	248,8,1	96,8,1						96,8,1	96,8,1	88,8,1					104,8,1	104,8,1	56,8,1					104,8,1	104,8,1	120,8,1								232,8,1	192,8,1	232,8,1	192,8,1	80,8,1	184,8,1						176,8,1	176,8,1	96,8,1												
Ph«n ß«u 58	120,8,1	120,8,1							120,8,1	120,8,1	88,8,1	88,8,1						248,8,1	248,8,1	96,8,1						96,8,1	96,8,1	88,8,1					104,8,1	104,8,1	56,8,1					104,8,1	104,8,1	120,8,1								232,8,1	192,8,1	232,8,1	192,8,1	80,8,1	184,8,1						176,8,1	176,8,1	96,8,1												
Ph«n ß«u 59	120,8,1	120,8,1							120,8,1	120,8,1	88,8,1	88,8,1						248,8,1	248,8,1	96,8,1						96,8,1	96,8,1	88,8,1					104,8,1	104,8,1	56,8,1					104,8,1	104,8,1	120,8,1								232,8,1	192,8,1	232,8,1	192,8,1	80,8,1	184,8,1						176,8,1	176,8,1	96,8,1												
Ph«n ß«u 60	120,8,1	120,8,1							120,8,1	120,8,1	88,8,1	88,8,1						248,8,1	248,8,1	96,8,1						96,8,1	96,8,1	88,8,1					104,8,1	104,8,1	56,8,1					104,8,1	104,8,1	120,8,1								232,8,1	192,8,1	232,8,1	192,8,1	80,8,1	184,8,1						176,8,1	176,8,1	96,8,1												
Ph«n ß«u 61	120,8,1	120,8,1							120,8,1	120,8,1	88,8,1	88,8,1						248,8,1	248,8,1	96,8,1						96,8,1	96,8,1	88,8,1					104,8,1	104,8,1	56,8,1					104,8,1	104,8,1	120,8,1								232,8,1	192,8,1	232,8,1	192,8,1	80,8,1	184,8,1						176,8,1	176,8,1	96,8,1												
Ph«n ß«u 62	120,8,1	120,8,1							120,8,1	120,8,1	88,8,1	88,8,1						248,8,1	248,8,1	96,8,1						96,8,1	96,8,1	88,8,1					104,8,1	104,8,1	56,8,1					104,8,1	104,8,1	120,8,1								232,8,1	192,8,1	232,8,1	192,8,1	80,8,1	184,8,1						176,8,1	176,8,1	96,8,1												
Ph«n ß«u 63	120,8,1	120,8,1							120,8,1	120,8,1	88,8,1	88,8,1						248,8,1	248,8,1	96,8,1						96,8,1	96,8,1	88,8,1					104,8,1	104,8,1	56,8,1					104,8,1	104,8,1	120,8,1								232,8,1	192,8,1	232,8,1	192,8,1	80,8,1	184,8,1						176,8,1	176,8,1	96,8,1												
Ph«n ß«u 64	120,8,1	120,8,1							120,8,1	120,8,1	88,8,1	88,8,1						248,8,1	248,8,1	96,8,1						96,8,1	96,8,1	88,8,1					104,8,1	104,8,1	56,8,1					104,8,1	104,8,1	120,8,1								232,8,1	192,8,1	232,8,1	192,8,1	80,8,1	184,8,1						176,8,1	176,8,1	96,8,1												
Ph«n ß«u 65	120,8,1	120,8,1							120,8,1	120,8,1	88,8,1	88,8,1						248,8,1	248,8,1	96,8,1						96,8,1	96,8,1	88,8,1					104,8,1	104,8,1	56,8,1					104,8,1	104,8,1	120,8,1								232,8,1	192,8,1	232,8,1	192,8,1	80,8,1	184,8,1						176,8,1	176,8,1	96,8,1												
Ph«n ß«u 66	120,8,1	120,8,1							120,8,1	120,8,1	88,8,1	88,8,1						248,8,1	248,8,1	96,8,1						96,8,1	96,8,1	88,8,1					104,8,1	104,8,1	56,8,1					104,8,1	104,8,1	120,8,1								232,8,1	192,8,1	232,8,1	192,8,1	80,8,1	184,8,1						176,8,1	176,8,1	96,8,1												
Ph«n ß«u 67	120,8,1	120,8,1							120,8,1	120,8,1	88,8,1	88,8,1						248,8,1	248,8,1	96,8,1						96,8,1	96,8,1	88,8,1					104,8,1	104,8,1	56,8,1					104,8,1	104,8,1	120,8,1								232,8,1	192,8,1	232,8,1	192,8,1	80,8,1	184,8,1						176,8,1	176,8,1	96,8,1												
Ph«n ß«u 68	120,8,1	120,8,1							120,8,1	120,8,1	88,8,1	88,8,1						248,8,1	248,8,1	96,8,1						96,8,1	96,8,1	88,8,1					104,8,1	104,8,1	56,8,1					104,8,1	104,8,1	120,8,1								232,8,1	192,8,1	232,8,1	192,8,1	80,8,1	184,8,1						176,8,1	176,8,1	96,8,1												
Ph«n ß«u 69	120,8,1	120,8,1							120,8,1	120,8,1	88,8,1	88,8,1						248,8,1	248,8,1	96,8,1						96,8,1	96,8,1	88,8,1					104,8,1	104,8,1	56,8,1					104,8,1	104,8,1	120,8,1								232,8,1	192,8,1	232,8,1	192,8,1	80,8,1	184,8,1						176,8,1	176,8,1	96,8,1												
Ph«n ß«u 70	120,8,1	120,8,1							120,8,1	120,8,1	88,8,1	88,8,1						248,8,1	248,8,1	96,8,1						96,8,1	96,8,1	88,8,1					104,8,1	104,8,1	56,8,1					104,8,1	104,8,1	120,8,1								232,8,1	192,8,1	232,8,1	192,8,1	80,8,1	184,8,1						176,8,1	176,8,1	96,8,1												
Ph«n ß«u 71	120,8,1	120,8,1							120,8,1	120,8,1	88,8,1	88,8,1						248,8,1	248,8,1	96,8,1						96,8,1	96,8,1	88,8,1					104,8,1	104,8,1	56,8,1					104,8,1	104,8,1	120,8,1								232,8,1	192,8,1	232,8,1	192,8,1	80,8,1	184,8,1						176,8,1	176,8,1	96,8,1												
Ph«n ß«u 72	120,8,1	120,8,1							120,8,1	120,8,1	88,8,1	88,8,1						248,8,1	248,8,1	96,8,1						96,8,1	96,8,1	88,8,1					104,8,1	104,8,1	56,8,1					104,8,1	104,8,1	120,8,1								232,8,1	192,8,1	232,8,1	192,8,1	80,8,1	184,8,1						176,8,1	176,8,1	96,8,1												
Ph«n ß«u 73	120,8,1	120,8,1							120,8,1	120,8,1	88,8,1	88,8,1						248,8,1	248,8,1	96,8,1						96,8,1	96,8,1	88,8,1					104,8,1	104,8,1	56,8,1					104,8,1	104,8,1	120,8,1								232,8,1	192,8,1	232,8,1	192,8,1	80,8,1	184,8,1						176,8,1	176,8,1	96,8,1												
Ph«n ß«u 74	120,8,1	120,8,1							120,8,1	120,8,1	88,8,1	88,8,1						248,8,1	248,8,1	96,8,1						96,8,1	96,8,1	88,8,1					104,8,1	104,8,1	56,8,1					104,8,1	104,8,1	120,8,1								232,8,1	192,8,1	232,8,1	192,8,1	80,8,1	184,8,1						176,8,1	176,8,1	96,8,1												
Ph«n ß«u 75	120,8,1	120,8,1							120,8,1	120,8,1	88,8,1	88,8,1						248,8,1	248,8,1	96,8,1						96,8,1	96,8,1	88,8,1					104,8,1	104,8,1	56,8,1					104,8,1	104,8,1	120,8,1								232,8,1	192,8,1	232,8,1	192,8,1	80,8,1	184,8,1						176,8,1	176,8,1	96,8,1												
Ph«n ß«u 76	120,8,1	120,8,1							120,8,1	120,8,1	88,8,1	88,8,1						248,8,1	248,8,1	96,8,1						96,8,1	96,8,1	88,8,1					104,8,1	104,8,1	56,8,1					104,8,1	104,8,1	120,8,1								232,8,1	192,8,1	232,8,1	192,8,1	80,8,1	184,8,1						176,8,1	176,8,1	96,8,1												
Ph«n ß«u 77	120,8,1	120,8,1							120,8,1	120,8,1	88,8,1	88,8,1						248,8,1	248,8,1	96,8,1						96,8,1	96,8,1	88,8,1					104,8,1	104,8,1	56,8,1					104,8,1	104,8,1	120,8,1								232,8,1	192,8,1	232,8,1	192,8,1	80,8,1	184,8,1						176,8,1	176,8,1	96,8,1												
Ph«n ß«u 78	120,8,1	120,8,1							120,8,1	120,8,1	88,8,1	88,8,1						248,8,1	248,8,1	96,8,1						96,8,1	96,8,1	88,8,1					104,8,1	104,8,1	56,8,1					104,8,1	104,8,1	120,8,1								232,8,1	192,8,1	232,8,1	192,8,1	80,8,1	184,8,1						176,8,1	176,8,1	96,8,1												
Ph«n ß«u 79	120,8,1	120,8,1							120,8,1	120,8,1	88,8,1	88,8,1						248,8,1	248,8,1	96,8,1						96,8,1	96,8,1	88,8,1					104,8,1	104,8,1	56,8,1					104,8,1	104,8,1	120,8,1								232,8,1	192,8,1	232,8,1	192,8,1	80,8,1	184,8,1						176,8,1	176,8,1	96,8,1												
Ph«n ß«u 80	120,8,1	120,8,1							120,8,1	120,8,1	88,8,1	88,8,1						248,8,1	248,8,1	96,8,1						96,8,1	96,8,1	88,8,1					104,8,1	104,8,1	56,8,1					104,8,1	104,8,1	120,8,1								232,8,1	192,8,1	232,8,1	192,8,1	80,8,1	184,8,1						176,8,1	176,8,1	96,8,1												
Ph«n ß«u 81	120,8,1	120,8,1							120,8,1	120,8,1	88,8,1	88,8,1						248,8,1	248,8,1	96,8,1						96,8,1	96,8,1	88,8,1					104,8,1	104,8,1	56,8,1					104,8,1	104,8,1	120,8,1								232,8,1	192,8,1	232,8,1	192,8,1	80,8,1	184,8,1						176,8,1	176,8,1	96,8,1												
Nguy÷t Khuy’t Chi Tr‰ng Ki’p T®ng Mπo	120,8,1	120,8,1	120,8,1	120,8,1	88,8,1	88,8,1	88,8,1	88,8,1	120,8,1	120,8,1	88,8,1	88,8,1	120,8,1	120,8,1	120,8,1	120,8,1	120,8,1	248,8,1	248,8,1	96,8,1	88,8,1	88,8,1	88,8,1	88,8,1	88,8,1	96,8,1	96,8,1	88,8,1	72,8,1	64,8,1	56,8,1	96,8,1	104,8,1	104,8,1	56,8,1	96,8,1	88,8,1	120,8,1	144,8,1	104,8,1	104,8,1	120,8,1	144,8,1	128,8,1	112,8,1	96,8,1	96,8,1	128,8,1	96,8,1	232,8,1	192,8,1	232,8,1	192,8,1	80,8,1	184,8,1	128,8,1	96,8,1	96,8,1	104,8,1	128,8,1	176,8,1	176,8,1	96,8,1	72,8,1	160,8,1	112,8,1	96,8,1	80,8,1	96,8,1	112,8,1	96,8,1	48,8,1	112,8,1	112,8,1	112,8,1
Nguy÷t Khuy’t Chi S∏t Ki’p T®ng Mπo	120,8,1	120,8,1	120,8,1	120,8,1	88,8,1	88,8,1	88,8,1	88,8,1	120,8,1	120,8,1	88,8,1	88,8,1	120,8,1	120,8,1	120,8,1	120,8,1	120,8,1	248,8,1	248,8,1	96,8,1	88,8,1	88,8,1	88,8,1	88,8,1	88,8,1	96,8,1	96,8,1	88,8,1	72,8,1	64,8,1	56,8,1	96,8,1	104,8,1	104,8,1	56,8,1	96,8,1	88,8,1	120,8,1	144,8,1	104,8,1	104,8,1	120,8,1	144,8,1	128,8,1	112,8,1	96,8,1	96,8,1	128,8,1	96,8,1	232,8,1	192,8,1	232,8,1	192,8,1	80,8,1	184,8,1	128,8,1	96,8,1	96,8,1	104,8,1	128,8,1	176,8,1	176,8,1	96,8,1	72,8,1	160,8,1	112,8,1	96,8,1	80,8,1	96,8,1	112,8,1	96,8,1	48,8,1	112,8,1	112,8,1	112,8,1
Nguy÷t Khuy’t Chi Ph∏ Ki’p T®ng Mπo	120,8,1	120,8,1	120,8,1	120,8,1	88,8,1	88,8,1	88,8,1	88,8,1	120,8,1	120,8,1	88,8,1	88,8,1	120,8,1	120,8,1	120,8,1	120,8,1	120,8,1	248,8,1	248,8,1	96,8,1	88,8,1	88,8,1	88,8,1	88,8,1	88,8,1	96,8,1	96,8,1	88,8,1	72,8,1	64,8,1	56,8,1	96,8,1	104,8,1	104,8,1	56,8,1	96,8,1	88,8,1	120,8,1	144,8,1	104,8,1	104,8,1	120,8,1	144,8,1	128,8,1	112,8,1	96,8,1	96,8,1	128,8,1	96,8,1	232,8,1	192,8,1	232,8,1	192,8,1	80,8,1	184,8,1	128,8,1	96,8,1	96,8,1	104,8,1	128,8,1	176,8,1	176,8,1	96,8,1	72,8,1	160,8,1	112,8,1	96,8,1	80,8,1	96,8,1	112,8,1	96,8,1	48,8,1	112,8,1	112,8,1	112,8,1
Nguy÷t Khuy’t Chi Ph n VÚ Kh´i	120,8,1	120,8,1	120,8,1	120,8,1	88,8,1	88,8,1	88,8,1	88,8,1	120,8,1	120,8,1	88,8,1	88,8,1	120,8,1	120,8,1	120,8,1	120,8,1	120,8,1	248,8,1	248,8,1	96,8,1	88,8,1	88,8,1	88,8,1	88,8,1	88,8,1	96,8,1	96,8,1	88,8,1	72,8,1	64,8,1	56,8,1	96,8,1	104,8,1	104,8,1	56,8,1	96,8,1	88,8,1	120,8,1	144,8,1	104,8,1	104,8,1	120,8,1	144,8,1	128,8,1	112,8,1	96,8,1	96,8,1	128,8,1	96,8,1	232,8,1	192,8,1	232,8,1	192,8,1	80,8,1	184,8,1	128,8,1	96,8,1	96,8,1	104,8,1	128,8,1	176,8,1	176,8,1	96,8,1	72,8,1	160,8,1	112,8,1	96,8,1	80,8,1	96,8,1	112,8,1	96,8,1	48,8,1	112,8,1	112,8,1	112,8,1
Nguy÷t Khuy’t Chi Phong Y™n Kh´i	120,8,1	120,8,1	120,8,1	120,8,1	88,8,1	88,8,1	88,8,1	88,8,1	120,8,1	120,8,1	88,8,1	88,8,1	120,8,1	120,8,1	120,8,1	120,8,1	120,8,1	248,8,1	248,8,1	96,8,1	88,8,1	88,8,1	88,8,1	88,8,1	88,8,1	96,8,1	96,8,1	88,8,1	72,8,1	64,8,1	56,8,1	96,8,1	104,8,1	104,8,1	56,8,1	96,8,1	88,8,1	120,8,1	144,8,1	104,8,1	104,8,1	120,8,1	144,8,1	128,8,1	112,8,1	96,8,1	96,8,1	128,8,1	96,8,1	232,8,1	192,8,1	232,8,1	192,8,1	80,8,1	184,8,1	128,8,1	96,8,1	96,8,1	104,8,1	128,8,1	176,8,1	176,8,1	96,8,1	72,8,1	160,8,1	112,8,1	96,8,1	80,8,1	96,8,1	112,8,1	96,8,1	48,8,1	112,8,1	112,8,1	112,8,1
Nguy÷t Khuy’t Chi Tr≠Îng Kh´ng Kh´i	120,8,1	120,8,1	120,8,1	120,8,1	88,8,1	88,8,1	88,8,1	88,8,1	120,8,1	120,8,1	88,8,1	88,8,1	120,8,1	120,8,1	120,8,1	120,8,1	120,8,1	248,8,1	248,8,1	96,8,1	88,8,1	88,8,1	88,8,1	88,8,1	88,8,1	96,8,1	96,8,1	88,8,1	72,8,1	64,8,1	56,8,1	96,8,1	104,8,1	104,8,1	56,8,1	96,8,1	88,8,1	120,8,1	144,8,1	104,8,1	104,8,1	120,8,1	144,8,1	128,8,1	112,8,1	96,8,1	96,8,1	128,8,1	96,8,1	232,8,1	192,8,1	232,8,1	192,8,1	80,8,1	184,8,1	128,8,1	96,8,1	96,8,1	104,8,1	128,8,1	176,8,1	176,8,1	96,8,1	72,8,1	160,8,1	112,8,1	96,8,1	80,8,1	96,8,1	112,8,1	96,8,1	48,8,1	112,8,1	112,8,1	112,8,1
Nguy÷t Khuy™t Chi Kinh HÂng Ph∏t ßÌi	120,8,1	120,8,1							120,8,1	120,8,1	88,8,1	88,8,1						248,8,1	248,8,1	96,8,1						96,8,1	96,8,1	88,8,1					104,8,1	104,8,1	56,8,1					104,8,1	104,8,1	120,8,1								232,8,1	192,8,1	232,8,1	192,8,1	80,8,1	184,8,1						176,8,1	176,8,1	96,8,1												
Nguy÷t Khuy’t Chi Hi”u Nguy÷t Ph∏t ßÌi	120,8,1	120,8,1							120,8,1	120,8,1	88,8,1	88,8,1						248,8,1	248,8,1	96,8,1						96,8,1	96,8,1	88,8,1					104,8,1	104,8,1	56,8,1					104,8,1	104,8,1	120,8,1								232,8,1	192,8,1	232,8,1	192,8,1	80,8,1	184,8,1						176,8,1	176,8,1	96,8,1												
Nguy÷t Khuy’t Chi T≠¨ng T≠ Tr©m	120,8,1	120,8,1							120,8,1	120,8,1	88,8,1	88,8,1						248,8,1	248,8,1	96,8,1						96,8,1	96,8,1	88,8,1					104,8,1	104,8,1	56,8,1					104,8,1	104,8,1	120,8,1								232,8,1	192,8,1	232,8,1	192,8,1	80,8,1	184,8,1						176,8,1	176,8,1	96,8,1												
Nguy÷t Khuy’t Chi Ph„ng Nguy÷t Tr©m	120,8,1	120,8,1							120,8,1	120,8,1	88,8,1	88,8,1						248,8,1	248,8,1	96,8,1						96,8,1	96,8,1	88,8,1					104,8,1	104,8,1	56,8,1					104,8,1	104,8,1	120,8,1								232,8,1	192,8,1	232,8,1	192,8,1	80,8,1	184,8,1						176,8,1	176,8,1	96,8,1												
Nguy÷t Khuy’t Chi B∏ch ßÈc Ph∏t ßÌi	120,8,1	120,8,1	120,8,1	120,8,1	88,8,1	88,8,1	88,8,1	88,8,1	120,8,1	120,8,1	88,8,1	88,8,1	120,8,1	120,8,1	120,8,1	120,8,1	120,8,1	248,8,1	248,8,1	96,8,1	88,8,1	88,8,1	88,8,1	88,8,1	88,8,1	96,8,1	96,8,1	88,8,1	72,8,1	64,8,1	56,8,1	96,8,1	104,8,1	104,8,1	56,8,1	96,8,1	88,8,1	120,8,1	144,8,1	104,8,1	104,8,1	120,8,1	144,8,1	128,8,1	112,8,1	96,8,1	96,8,1	128,8,1	96,8,1	232,8,1	192,8,1	232,8,1	192,8,1	80,8,1	184,8,1	128,8,1	96,8,1	96,8,1	104,8,1	128,8,1	176,8,1	176,8,1	96,8,1	72,8,1	160,8,1	112,8,1	96,8,1	80,8,1	96,8,1	112,8,1	96,8,1	48,8,1	112,8,1	112,8,1	112,8,1
Nguy÷t Khuy’t Chi U Minh Ph∏t ßÌi	120,8,1	120,8,1	120,8,1	120,8,1	88,8,1	88,8,1	88,8,1	88,8,1	120,8,1	120,8,1	88,8,1	88,8,1	120,8,1	120,8,1	120,8,1	120,8,1	120,8,1	248,8,1	248,8,1	96,8,1	88,8,1	88,8,1	88,8,1	88,8,1	88,8,1	96,8,1	96,8,1	88,8,1	72,8,1	64,8,1	56,8,1	96,8,1	104,8,1	104,8,1	56,8,1	96,8,1	88,8,1	120,8,1	144,8,1	104,8,1	104,8,1	120,8,1	144,8,1	128,8,1	112,8,1	96,8,1	96,8,1	128,8,1	96,8,1	232,8,1	192,8,1	232,8,1	192,8,1	80,8,1	184,8,1	128,8,1	96,8,1	96,8,1	104,8,1	128,8,1	176,8,1	176,8,1	96,8,1	72,8,1	160,8,1	112,8,1	96,8,1	80,8,1	96,8,1	112,8,1	96,8,1	48,8,1	112,8,1	112,8,1	112,8,1
Nguy÷t Khuy’t Chi Kh´I M÷nh Quan	120,8,1	120,8,1	120,8,1	120,8,1	88,8,1	88,8,1	88,8,1	88,8,1	120,8,1	120,8,1	88,8,1	88,8,1	120,8,1	120,8,1	120,8,1	120,8,1	120,8,1	248,8,1	248,8,1	96,8,1	88,8,1	88,8,1	88,8,1	88,8,1	88,8,1	96,8,1	96,8,1	88,8,1	72,8,1	64,8,1	56,8,1	96,8,1	104,8,1	104,8,1	56,8,1	96,8,1	88,8,1	120,8,1	144,8,1	104,8,1	104,8,1	120,8,1	144,8,1	128,8,1	112,8,1	96,8,1	96,8,1	128,8,1	96,8,1	232,8,1	192,8,1	232,8,1	192,8,1	80,8,1	184,8,1	128,8,1	96,8,1	96,8,1	104,8,1	128,8,1	176,8,1	176,8,1	96,8,1	72,8,1	160,8,1	112,8,1	96,8,1	80,8,1	96,8,1	112,8,1	96,8,1	48,8,1	112,8,1	112,8,1	112,8,1
Nguy÷t Khuy’t Chi B› ßÈc Quan	120,8,1	120,8,1	120,8,1	120,8,1	88,8,1	88,8,1	88,8,1	88,8,1	120,8,1	120,8,1	88,8,1	88,8,1	120,8,1	120,8,1	120,8,1	120,8,1	120,8,1	248,8,1	248,8,1	96,8,1	88,8,1	88,8,1	88,8,1	88,8,1	88,8,1	96,8,1	96,8,1	88,8,1	72,8,1	64,8,1	56,8,1	96,8,1	104,8,1	104,8,1	56,8,1	96,8,1	88,8,1	120,8,1	144,8,1	104,8,1	104,8,1	120,8,1	144,8,1	128,8,1	112,8,1	96,8,1	96,8,1	128,8,1	96,8,1	232,8,1	192,8,1	232,8,1	192,8,1	80,8,1	184,8,1	128,8,1	96,8,1	96,8,1	104,8,1	128,8,1	176,8,1	176,8,1	96,8,1	72,8,1	160,8,1	112,8,1	96,8,1	80,8,1	96,8,1	112,8,1	96,8,1	48,8,1	112,8,1	112,8,1	112,8,1
Nguy÷t Khuy’t Chi Mπn ßÂ Ph∏t Qu∏n	120,8,1	120,8,1	120,8,1	120,8,1	88,8,1	88,8,1	88,8,1	88,8,1	120,8,1	120,8,1	88,8,1	88,8,1	120,8,1	120,8,1	120,8,1	120,8,1	120,8,1	248,8,1	248,8,1	96,8,1	88,8,1	88,8,1	88,8,1	88,8,1	88,8,1	96,8,1	96,8,1	88,8,1	72,8,1	64,8,1	56,8,1	96,8,1	104,8,1	104,8,1	56,8,1	96,8,1	88,8,1	120,8,1	144,8,1	104,8,1	104,8,1	120,8,1	144,8,1	128,8,1	112,8,1	96,8,1	96,8,1	128,8,1	96,8,1	232,8,1	192,8,1	232,8,1	192,8,1	80,8,1	184,8,1	128,8,1	96,8,1	96,8,1	104,8,1	128,8,1	176,8,1	176,8,1	96,8,1	72,8,1	160,8,1	112,8,1	96,8,1	80,8,1	96,8,1	112,8,1	96,8,1	48,8,1	112,8,1	112,8,1	112,8,1
Nguy÷t Khuy’t Chi X›ch LÚng ß«u Hoµn	120,8,1	120,8,1	120,8,1	120,8,1	88,8,1	88,8,1	88,8,1	88,8,1	120,8,1	120,8,1	88,8,1	88,8,1	120,8,1	120,8,1	120,8,1	120,8,1	120,8,1	248,8,1	248,8,1	96,8,1	88,8,1	88,8,1	88,8,1	88,8,1	88,8,1	96,8,1	96,8,1	88,8,1	72,8,1	64,8,1	56,8,1	96,8,1	104,8,1	104,8,1	56,8,1	96,8,1	88,8,1	120,8,1	144,8,1	104,8,1	104,8,1	120,8,1	144,8,1	128,8,1	112,8,1	96,8,1	96,8,1	128,8,1	96,8,1	232,8,1	192,8,1	232,8,1	192,8,1	80,8,1	184,8,1	128,8,1	96,8,1	96,8,1	104,8,1	128,8,1	176,8,1	176,8,1	96,8,1	72,8,1	160,8,1	112,8,1	96,8,1	80,8,1	96,8,1	112,8,1	96,8,1	48,8,1	112,8,1	112,8,1	112,8,1
Nguy÷t Khuy’t Chi Hµo Ki÷t ß«u Hoµn	120,8,1	120,8,1	120,8,1	120,8,1	88,8,1	88,8,1	88,8,1	88,8,1	120,8,1	120,8,1	88,8,1	88,8,1	120,8,1	120,8,1	120,8,1	120,8,1	120,8,1	248,8,1	248,8,1	96,8,1	88,8,1	88,8,1	88,8,1	88,8,1	88,8,1	96,8,1	96,8,1	88,8,1	72,8,1	64,8,1	56,8,1	96,8,1	104,8,1	104,8,1	56,8,1	96,8,1	88,8,1	120,8,1	144,8,1	104,8,1	104,8,1	120,8,1	144,8,1	128,8,1	112,8,1	96,8,1	96,8,1	128,8,1	96,8,1	232,8,1	192,8,1	232,8,1	192,8,1	80,8,1	184,8,1	128,8,1	96,8,1	96,8,1	104,8,1	128,8,1	176,8,1	176,8,1	96,8,1	72,8,1	160,8,1	112,8,1	96,8,1	80,8,1	96,8,1	112,8,1	96,8,1	48,8,1	112,8,1	112,8,1	112,8,1
Nguy÷t Khuy’t Chi Tham Lang Kh´i	120,8,1	120,8,1	120,8,1	120,8,1	88,8,1	88,8,1	88,8,1	88,8,1	120,8,1	120,8,1	88,8,1	88,8,1	120,8,1	120,8,1	120,8,1	120,8,1	120,8,1	248,8,1	248,8,1	96,8,1	88,8,1	88,8,1	88,8,1	88,8,1	88,8,1	96,8,1	96,8,1	88,8,1	72,8,1	64,8,1	56,8,1	96,8,1	104,8,1	104,8,1	56,8,1	96,8,1	88,8,1	120,8,1	144,8,1	104,8,1	104,8,1	120,8,1	144,8,1	128,8,1	112,8,1	96,8,1	96,8,1	128,8,1	96,8,1	232,8,1	192,8,1	232,8,1	192,8,1	80,8,1	184,8,1	128,8,1	96,8,1	96,8,1	104,8,1	128,8,1	176,8,1	176,8,1	96,8,1	72,8,1	160,8,1	112,8,1	96,8,1	80,8,1	96,8,1	112,8,1	96,8,1	48,8,1	112,8,1	112,8,1	112,8,1
Nguy÷t Khuy’t Chi Li÷t D≠¨ng Quan Mi÷n	120,8,1	120,8,1	120,8,1	120,8,1	88,8,1	88,8,1	88,8,1	88,8,1	120,8,1	120,8,1	88,8,1	88,8,1	120,8,1	120,8,1	120,8,1	120,8,1	120,8,1	248,8,1	248,8,1	96,8,1	88,8,1	88,8,1	88,8,1	88,8,1	88,8,1	96,8,1	96,8,1	88,8,1	72,8,1	64,8,1	56,8,1	96,8,1	104,8,1	104,8,1	56,8,1	96,8,1	88,8,1	120,8,1	144,8,1	104,8,1	104,8,1	120,8,1	144,8,1	128,8,1	112,8,1	96,8,1	96,8,1	128,8,1	96,8,1	232,8,1	192,8,1	232,8,1	192,8,1	80,8,1	184,8,1	128,8,1	96,8,1	96,8,1	104,8,1	128,8,1	176,8,1	176,8,1	96,8,1	72,8,1	160,8,1	112,8,1	96,8,1	80,8,1	96,8,1	112,8,1	96,8,1	48,8,1	112,8,1	112,8,1	112,8,1
Nguy÷t Khuy’t Chi Linh ßÈng Quan	120,8,1	120,8,1	120,8,1	120,8,1	88,8,1	88,8,1	88,8,1	88,8,1	120,8,1	120,8,1	88,8,1	88,8,1	120,8,1	120,8,1	120,8,1	120,8,1	120,8,1	248,8,1	248,8,1	96,8,1	88,8,1	88,8,1	88,8,1	88,8,1	88,8,1	96,8,1	96,8,1	88,8,1	72,8,1	64,8,1	56,8,1	96,8,1	104,8,1	104,8,1	56,8,1	96,8,1	88,8,1	120,8,1	144,8,1	104,8,1	104,8,1	120,8,1	144,8,1	128,8,1	112,8,1	96,8,1	96,8,1	128,8,1	96,8,1	232,8,1	192,8,1	232,8,1	192,8,1	80,8,1	184,8,1	128,8,1	96,8,1	96,8,1	104,8,1	128,8,1	176,8,1	176,8,1	96,8,1	72,8,1	160,8,1	112,8,1	96,8,1	80,8,1	96,8,1	112,8,1	96,8,1	48,8,1	112,8,1	112,8,1	112,8,1
Nguy÷t Khuy’t Chi Huy‘n ∂nh Quan	120,8,1	120,8,1	120,8,1	120,8,1	88,8,1	88,8,1	88,8,1	88,8,1	120,8,1	120,8,1	88,8,1	88,8,1	120,8,1	120,8,1	120,8,1	120,8,1	120,8,1	248,8,1	248,8,1	96,8,1	88,8,1	88,8,1	88,8,1	88,8,1	88,8,1	96,8,1	96,8,1	88,8,1	72,8,1	64,8,1	56,8,1	96,8,1	104,8,1	104,8,1	56,8,1	96,8,1	88,8,1	120,8,1	144,8,1	104,8,1	104,8,1	120,8,1	144,8,1	128,8,1	112,8,1	96,8,1	96,8,1	128,8,1	96,8,1	232,8,1	192,8,1	232,8,1	192,8,1	80,8,1	184,8,1	128,8,1	96,8,1	96,8,1	104,8,1	128,8,1	176,8,1	176,8,1	96,8,1	72,8,1	160,8,1	112,8,1	96,8,1	80,8,1	96,8,1	112,8,1	96,8,1	48,8,1	112,8,1	112,8,1	112,8,1
Nguy÷t Khuy’t Chi L®ng Ph„ng ßπo Quan	120,8,1	120,8,1	120,8,1	120,8,1	88,8,1	88,8,1	88,8,1	88,8,1	120,8,1	120,8,1	88,8,1	88,8,1	120,8,1	120,8,1	120,8,1	120,8,1	120,8,1	248,8,1	248,8,1	96,8,1	88,8,1	88,8,1	88,8,1	88,8,1	88,8,1	96,8,1	96,8,1	88,8,1	72,8,1	64,8,1	56,8,1	96,8,1	104,8,1	104,8,1	56,8,1	96,8,1	88,8,1	120,8,1	144,8,1	104,8,1	104,8,1	120,8,1	144,8,1	128,8,1	112,8,1	96,8,1	96,8,1	128,8,1	96,8,1	232,8,1	192,8,1	232,8,1	192,8,1	80,8,1	184,8,1	128,8,1	96,8,1	96,8,1	104,8,1	128,8,1	176,8,1	176,8,1	96,8,1	72,8,1	160,8,1	112,8,1	96,8,1	80,8,1	96,8,1	112,8,1	96,8,1	48,8,1	112,8,1	112,8,1	112,8,1
Nguy÷t Khuy’t Chi MÈc VÚ ßπo Quan	120,8,1	120,8,1	120,8,1	120,8,1	88,8,1	88,8,1	88,8,1	88,8,1	120,8,1	120,8,1	88,8,1	88,8,1	120,8,1	120,8,1	120,8,1	120,8,1	120,8,1	248,8,1	248,8,1	96,8,1	88,8,1	88,8,1	88,8,1	88,8,1	88,8,1	96,8,1	96,8,1	88,8,1	72,8,1	64,8,1	56,8,1	96,8,1	104,8,1	104,8,1	56,8,1	96,8,1	88,8,1	120,8,1	144,8,1	104,8,1	104,8,1	120,8,1	144,8,1	128,8,1	112,8,1	96,8,1	96,8,1	128,8,1	96,8,1	232,8,1	192,8,1	232,8,1	192,8,1	80,8,1	184,8,1	128,8,1	96,8,1	96,8,1	104,8,1	128,8,1	176,8,1	176,8,1	96,8,1	72,8,1	160,8,1	112,8,1	96,8,1	80,8,1	96,8,1	112,8,1	96,8,1	48,8,1	112,8,1	112,8,1	112,8,1
Nguy÷t Khuy’t Chi Thanh Ph„ng Quan	120,8,1	120,8,1	120,8,1	120,8,1	88,8,1	88,8,1	88,8,1	88,8,1	120,8,1	120,8,1	88,8,1	88,8,1	120,8,1	120,8,1	120,8,1	120,8,1	120,8,1	248,8,1	248,8,1	96,8,1	88,8,1	88,8,1	88,8,1	88,8,1	88,8,1	96,8,1	96,8,1	88,8,1	72,8,1	64,8,1	56,8,1	96,8,1	104,8,1	104,8,1	56,8,1	96,8,1	88,8,1	120,8,1	144,8,1	104,8,1	104,8,1	120,8,1	144,8,1	128,8,1	112,8,1	96,8,1	96,8,1	128,8,1	96,8,1	232,8,1	192,8,1	232,8,1	192,8,1	80,8,1	184,8,1	128,8,1	96,8,1	96,8,1	104,8,1	128,8,1	176,8,1	176,8,1	96,8,1	72,8,1	160,8,1	112,8,1	96,8,1	80,8,1	96,8,1	112,8,1	96,8,1	48,8,1	112,8,1	112,8,1	112,8,1
Nguy÷t Khuy’t Chi DÀt ∂nh Quan	120,8,1	120,8,1	120,8,1	120,8,1	88,8,1	88,8,1	88,8,1	88,8,1	120,8,1	120,8,1	88,8,1	88,8,1	120,8,1	120,8,1	120,8,1	120,8,1	120,8,1	248,8,1	248,8,1	96,8,1	88,8,1	88,8,1	88,8,1	88,8,1	88,8,1	96,8,1	96,8,1	88,8,1	72,8,1	64,8,1	56,8,1	96,8,1	104,8,1	104,8,1	56,8,1	96,8,1	88,8,1	120,8,1	144,8,1	104,8,1	104,8,1	120,8,1	144,8,1	128,8,1	112,8,1	96,8,1	96,8,1	128,8,1	96,8,1	232,8,1	192,8,1	232,8,1	192,8,1	80,8,1	184,8,1	128,8,1	96,8,1	96,8,1	104,8,1	128,8,1	176,8,1	176,8,1	96,8,1	72,8,1	160,8,1	112,8,1	96,8,1	80,8,1	96,8,1	112,8,1	96,8,1	48,8,1	112,8,1	112,8,1	112,8,1
Di÷u D≠¨ng Chi MÈng LÚng T®ng Mπo	120,8,1	120,8,1	120,8,1	120,8,1	88,8,1	88,8,1	88,8,1	88,8,1	120,8,1	120,8,1	88,8,1	88,8,1	120,8,1	120,8,1	120,8,1	120,8,1	120,8,1	248,8,1	248,8,1	96,8,1	88,8,1	88,8,1	88,8,1	88,8,1	88,8,1	96,8,1	96,8,1	88,8,1	72,8,1	64,8,1	56,8,1	96,8,1	104,8,1	104,8,1	56,8,1	96,8,1	88,8,1	120,8,1	144,8,1	104,8,1	104,8,1	120,8,1	144,8,1	128,8,1	112,8,1	96,8,1	96,8,1	128,8,1	96,8,1	232,8,1	192,8,1	232,8,1	192,8,1	80,8,1	184,8,1	128,8,1	96,8,1	96,8,1	104,8,1	128,8,1	176,8,1	176,8,1	96,8,1	72,8,1	160,8,1	112,8,1	96,8,1	80,8,1	96,8,1	112,8,1	96,8,1	48,8,1	112,8,1	112,8,1	112,8,1
Di÷u D≠¨ng Chi PhÙc Ma T®ng Mπo	120,8,1	120,8,1	120,8,1	120,8,1	88,8,1	88,8,1	88,8,1	88,8,1	120,8,1	120,8,1	88,8,1	88,8,1	120,8,1	120,8,1	120,8,1	120,8,1	120,8,1	248,8,1	248,8,1	96,8,1	88,8,1	88,8,1	88,8,1	88,8,1	88,8,1	96,8,1	96,8,1	88,8,1	72,8,1	64,8,1	56,8,1	96,8,1	104,8,1	104,8,1	56,8,1	96,8,1	88,8,1	120,8,1	144,8,1	104,8,1	104,8,1	120,8,1	144,8,1	128,8,1	112,8,1	96,8,1	96,8,1	128,8,1	96,8,1	232,8,1	192,8,1	232,8,1	192,8,1	80,8,1	184,8,1	128,8,1	96,8,1	96,8,1	104,8,1	128,8,1	176,8,1	176,8,1	96,8,1	72,8,1	160,8,1	112,8,1	96,8,1	80,8,1	96,8,1	112,8,1	96,8,1	48,8,1	112,8,1	112,8,1	112,8,1
Di÷u D≠¨ng Chi T¯ Kh´ng T®ng Mπo	120,8,1	120,8,1	120,8,1	120,8,1	88,8,1	88,8,1	88,8,1	88,8,1	120,8,1	120,8,1	88,8,1	88,8,1	120,8,1	120,8,1	120,8,1	120,8,1	120,8,1	248,8,1	248,8,1	96,8,1	88,8,1	88,8,1	88,8,1	88,8,1	88,8,1	96,8,1	96,8,1	88,8,1	72,8,1	64,8,1	56,8,1	96,8,1	104,8,1	104,8,1	56,8,1	96,8,1	88,8,1	120,8,1	144,8,1	104,8,1	104,8,1	120,8,1	144,8,1	128,8,1	112,8,1	96,8,1	96,8,1	128,8,1	96,8,1	232,8,1	192,8,1	232,8,1	192,8,1	80,8,1	184,8,1	128,8,1	96,8,1	96,8,1	104,8,1	128,8,1	176,8,1	176,8,1	96,8,1	72,8,1	160,8,1	112,8,1	96,8,1	80,8,1	96,8,1	112,8,1	96,8,1	48,8,1	112,8,1	112,8,1	112,8,1
Di÷u D≠¨ng Chi H∏m Thi™n Kh´i	120,8,1	120,8,1	120,8,1	120,8,1	88,8,1	88,8,1	88,8,1	88,8,1	120,8,1	120,8,1	88,8,1	88,8,1	120,8,1	120,8,1	120,8,1	120,8,1	120,8,1	248,8,1	248,8,1	96,8,1	88,8,1	88,8,1	88,8,1	88,8,1	88,8,1	96,8,1	96,8,1	88,8,1	72,8,1	64,8,1	56,8,1	96,8,1	104,8,1	104,8,1	56,8,1	96,8,1	88,8,1	120,8,1	144,8,1	104,8,1	104,8,1	120,8,1	144,8,1	128,8,1	112,8,1	96,8,1	96,8,1	128,8,1	96,8,1	232,8,1	192,8,1	232,8,1	192,8,1	80,8,1	184,8,1	128,8,1	96,8,1	96,8,1	104,8,1	128,8,1	176,8,1	176,8,1	96,8,1	72,8,1	160,8,1	112,8,1	96,8,1	80,8,1	96,8,1	112,8,1	96,8,1	48,8,1	112,8,1	112,8,1	112,8,1
Di÷u D≠¨ng Chi K’ Nghi÷p Kh´i	120,8,1	120,8,1	120,8,1	120,8,1	88,8,1	88,8,1	88,8,1	88,8,1	120,8,1	120,8,1	88,8,1	88,8,1	120,8,1	120,8,1	120,8,1	120,8,1	120,8,1	248,8,1	248,8,1	96,8,1	88,8,1	88,8,1	88,8,1	88,8,1	88,8,1	96,8,1	96,8,1	88,8,1	72,8,1	64,8,1	56,8,1	96,8,1	104,8,1	104,8,1	56,8,1	96,8,1	88,8,1	120,8,1	144,8,1	104,8,1	104,8,1	120,8,1	144,8,1	128,8,1	112,8,1	96,8,1	96,8,1	128,8,1	96,8,1	232,8,1	192,8,1	232,8,1	192,8,1	80,8,1	184,8,1	128,8,1	96,8,1	96,8,1	104,8,1	128,8,1	176,8,1	176,8,1	96,8,1	72,8,1	160,8,1	112,8,1	96,8,1	80,8,1	96,8,1	112,8,1	96,8,1	48,8,1	112,8,1	112,8,1	112,8,1
Di÷u D≠¨ng Chi Ng˘ LÚng Kh´i	120,8,1	120,8,1	120,8,1	120,8,1	88,8,1	88,8,1	88,8,1	88,8,1	120,8,1	120,8,1	88,8,1	88,8,1	120,8,1	120,8,1	120,8,1	120,8,1	120,8,1	248,8,1	248,8,1	96,8,1	88,8,1	88,8,1	88,8,1	88,8,1	88,8,1	96,8,1	96,8,1	88,8,1	72,8,1	64,8,1	56,8,1	96,8,1	104,8,1	104,8,1	56,8,1	96,8,1	88,8,1	120,8,1	144,8,1	104,8,1	104,8,1	120,8,1	144,8,1	128,8,1	112,8,1	96,8,1	96,8,1	128,8,1	96,8,1	232,8,1	192,8,1	232,8,1	192,8,1	80,8,1	184,8,1	128,8,1	96,8,1	96,8,1	104,8,1	128,8,1	176,8,1	176,8,1	96,8,1	72,8,1	160,8,1	112,8,1	96,8,1	80,8,1	96,8,1	112,8,1	96,8,1	48,8,1	112,8,1	112,8,1	112,8,1
Di÷u D≠¨ng Chi V´ D∂n Ph∏t ßÌi	120,8,1	120,8,1							120,8,1	120,8,1	88,8,1	88,8,1						248,8,1	248,8,1	96,8,1						96,8,1	96,8,1	88,8,1					104,8,1	104,8,1	56,8,1					104,8,1	104,8,1	120,8,1								232,8,1	192,8,1	232,8,1	192,8,1	80,8,1	184,8,1						176,8,1	176,8,1	96,8,1												
Di÷u D≠¨ng Chi V´ Y”m Ph∏t ßÌi	120,8,1	120,8,1							120,8,1	120,8,1	88,8,1	88,8,1						248,8,1	248,8,1	96,8,1						96,8,1	96,8,1	88,8,1					104,8,1	104,8,1	56,8,1					104,8,1	104,8,1	120,8,1								232,8,1	192,8,1	232,8,1	192,8,1	80,8,1	184,8,1						176,8,1	176,8,1	96,8,1												
Di÷u D≠¨ng Chi T™ Hoµng Tr©m	120,8,1	120,8,1							120,8,1	120,8,1	88,8,1	88,8,1						248,8,1	248,8,1	96,8,1						96,8,1	96,8,1	88,8,1					104,8,1	104,8,1	56,8,1					104,8,1	104,8,1	120,8,1								232,8,1	192,8,1	232,8,1	192,8,1	80,8,1	184,8,1						176,8,1	176,8,1	96,8,1												
Di÷u D≠¨ng Chi B›ch H∂I Tr©m	120,8,1	120,8,1							120,8,1	120,8,1	88,8,1	88,8,1						248,8,1	248,8,1	96,8,1						96,8,1	96,8,1	88,8,1					104,8,1	104,8,1	56,8,1					104,8,1	104,8,1	120,8,1								232,8,1	192,8,1	232,8,1	192,8,1	80,8,1	184,8,1						176,8,1	176,8,1	96,8,1												
Di÷u D≠¨ng Chi U Lung Ph∏t ßÌi	120,8,1	120,8,1	120,8,1	120,8,1	88,8,1	88,8,1	88,8,1	88,8,1	120,8,1	120,8,1	88,8,1	88,8,1	120,8,1	120,8,1	120,8,1	120,8,1	120,8,1	248,8,1	248,8,1	96,8,1	88,8,1	88,8,1	88,8,1	88,8,1	88,8,1	96,8,1	96,8,1	88,8,1	72,8,1	64,8,1	56,8,1	96,8,1	104,8,1	104,8,1	56,8,1	96,8,1	88,8,1	120,8,1	144,8,1	104,8,1	104,8,1	120,8,1	144,8,1	128,8,1	112,8,1	96,8,1	96,8,1	128,8,1	96,8,1	232,8,1	192,8,1	232,8,1	192,8,1	80,8,1	184,8,1	128,8,1	96,8,1	96,8,1	104,8,1	128,8,1	176,8,1	176,8,1	96,8,1	72,8,1	160,8,1	112,8,1	96,8,1	80,8,1	96,8,1	112,8,1	96,8,1	48,8,1	112,8,1	112,8,1	112,8,1
Di÷u D≠¨ng Chi Minh Huy‘n Ph∏t ß„i	120,8,1	120,8,1	120,8,1	120,8,1	88,8,1	88,8,1	88,8,1	88,8,1	120,8,1	120,8,1	88,8,1	88,8,1	120,8,1	120,8,1	120,8,1	120,8,1	120,8,1	248,8,1	248,8,1	96,8,1	88,8,1	88,8,1	88,8,1	88,8,1	88,8,1	96,8,1	96,8,1	88,8,1	72,8,1	64,8,1	56,8,1	96,8,1	104,8,1	104,8,1	56,8,1	96,8,1	88,8,1	120,8,1	144,8,1	104,8,1	104,8,1	120,8,1	144,8,1	128,8,1	112,8,1	96,8,1	96,8,1	128,8,1	96,8,1	232,8,1	192,8,1	232,8,1	192,8,1	80,8,1	184,8,1	128,8,1	96,8,1	96,8,1	104,8,1	128,8,1	176,8,1	176,8,1	96,8,1	72,8,1	160,8,1	112,8,1	96,8,1	80,8,1	96,8,1	112,8,1	96,8,1	48,8,1	112,8,1	112,8,1	112,8,1
Di÷u D≠¨ng Chi B®ng Hµn Quan	120,8,1	120,8,1	120,8,1	120,8,1	88,8,1	88,8,1	88,8,1	88,8,1	120,8,1	120,8,1	88,8,1	88,8,1	120,8,1	120,8,1	120,8,1	120,8,1	120,8,1	248,8,1	248,8,1	96,8,1	88,8,1	88,8,1	88,8,1	88,8,1	88,8,1	96,8,1	96,8,1	88,8,1	72,8,1	64,8,1	56,8,1	96,8,1	104,8,1	104,8,1	56,8,1	96,8,1	88,8,1	120,8,1	144,8,1	104,8,1	104,8,1	120,8,1	144,8,1	128,8,1	112,8,1	96,8,1	96,8,1	128,8,1	96,8,1	232,8,1	192,8,1	232,8,1	192,8,1	80,8,1	184,8,1	128,8,1	96,8,1	96,8,1	104,8,1	128,8,1	176,8,1	176,8,1	96,8,1	72,8,1	160,8,1	112,8,1	96,8,1	80,8,1	96,8,1	112,8,1	96,8,1	48,8,1	112,8,1	112,8,1	112,8,1
Di÷u D≠¨ng Chi Thi™n Quang Quan	120,8,1	120,8,1	120,8,1	120,8,1	88,8,1	88,8,1	88,8,1	88,8,1	120,8,1	120,8,1	88,8,1	88,8,1	120,8,1	120,8,1	120,8,1	120,8,1	120,8,1	248,8,1	248,8,1	96,8,1	88,8,1	88,8,1	88,8,1	88,8,1	88,8,1	96,8,1	96,8,1	88,8,1	72,8,1	64,8,1	56,8,1	96,8,1	104,8,1	104,8,1	56,8,1	96,8,1	88,8,1	120,8,1	144,8,1	104,8,1	104,8,1	120,8,1	144,8,1	128,8,1	112,8,1	96,8,1	96,8,1	128,8,1	96,8,1	232,8,1	192,8,1	232,8,1	192,8,1	80,8,1	184,8,1	128,8,1	96,8,1	96,8,1	104,8,1	128,8,1	176,8,1	176,8,1	96,8,1	72,8,1	160,8,1	112,8,1	96,8,1	80,8,1	96,8,1	112,8,1	96,8,1	48,8,1	112,8,1	112,8,1	112,8,1
Di÷u D≠¨ng Chi S©m Hoµng Ph∏t Quan	120,8,1	120,8,1	120,8,1	120,8,1	88,8,1	88,8,1	88,8,1	88,8,1	120,8,1	120,8,1	88,8,1	88,8,1	120,8,1	120,8,1	120,8,1	120,8,1	120,8,1	248,8,1	248,8,1	96,8,1	88,8,1	88,8,1	88,8,1	88,8,1	88,8,1	96,8,1	96,8,1	88,8,1	72,8,1	64,8,1	56,8,1	96,8,1	104,8,1	104,8,1	56,8,1	96,8,1	88,8,1	120,8,1	144,8,1	104,8,1	104,8,1	120,8,1	144,8,1	128,8,1	112,8,1	96,8,1	96,8,1	128,8,1	96,8,1	232,8,1	192,8,1	232,8,1	192,8,1	80,8,1	184,8,1	128,8,1	96,8,1	96,8,1	104,8,1	128,8,1	176,8,1	176,8,1	96,8,1	72,8,1	160,8,1	112,8,1	96,8,1	80,8,1	96,8,1	112,8,1	96,8,1	48,8,1	112,8,1	112,8,1	112,8,1
Di÷u D≠¨ng Chi ßÂng Cıu ß«u Hoµn	120,8,1	120,8,1	120,8,1	120,8,1	88,8,1	88,8,1	88,8,1	88,8,1	120,8,1	120,8,1	88,8,1	88,8,1	120,8,1	120,8,1	120,8,1	120,8,1	120,8,1	248,8,1	248,8,1	96,8,1	88,8,1	88,8,1	88,8,1	88,8,1	88,8,1	96,8,1	96,8,1	88,8,1	72,8,1	64,8,1	56,8,1	96,8,1	104,8,1	104,8,1	56,8,1	96,8,1	88,8,1	120,8,1	144,8,1	104,8,1	104,8,1	120,8,1	144,8,1	128,8,1	112,8,1	96,8,1	96,8,1	128,8,1	96,8,1	232,8,1	192,8,1	232,8,1	192,8,1	80,8,1	184,8,1	128,8,1	96,8,1	96,8,1	104,8,1	128,8,1	176,8,1	176,8,1	96,8,1	72,8,1	160,8,1	112,8,1	96,8,1	80,8,1	96,8,1	112,8,1	96,8,1	48,8,1	112,8,1	112,8,1	112,8,1
Di÷u D≠¨ng Chi ßﬁch H t ß«u Hoµn	120,8,1	120,8,1	120,8,1	120,8,1	88,8,1	88,8,1	88,8,1	88,8,1	120,8,1	120,8,1	88,8,1	88,8,1	120,8,1	120,8,1	120,8,1	120,8,1	120,8,1	248,8,1	248,8,1	96,8,1	88,8,1	88,8,1	88,8,1	88,8,1	88,8,1	96,8,1	96,8,1	88,8,1	72,8,1	64,8,1	56,8,1	96,8,1	104,8,1	104,8,1	56,8,1	96,8,1	88,8,1	120,8,1	144,8,1	104,8,1	104,8,1	120,8,1	144,8,1	128,8,1	112,8,1	96,8,1	96,8,1	128,8,1	96,8,1	232,8,1	192,8,1	232,8,1	192,8,1	80,8,1	184,8,1	128,8,1	96,8,1	96,8,1	104,8,1	128,8,1	176,8,1	176,8,1	96,8,1	72,8,1	160,8,1	112,8,1	96,8,1	80,8,1	96,8,1	112,8,1	96,8,1	48,8,1	112,8,1	112,8,1	112,8,1
Di÷u D≠¨ng Chi Ma S∏t Kh´i	120,8,1	120,8,1	120,8,1	120,8,1	88,8,1	88,8,1	88,8,1	88,8,1	120,8,1	120,8,1	88,8,1	88,8,1	120,8,1	120,8,1	120,8,1	120,8,1	120,8,1	248,8,1	248,8,1	96,8,1	88,8,1	88,8,1	88,8,1	88,8,1	88,8,1	96,8,1	96,8,1	88,8,1	72,8,1	64,8,1	56,8,1	96,8,1	104,8,1	104,8,1	56,8,1	96,8,1	88,8,1	120,8,1	144,8,1	104,8,1	104,8,1	120,8,1	144,8,1	128,8,1	112,8,1	96,8,1	96,8,1	128,8,1	96,8,1	232,8,1	192,8,1	232,8,1	192,8,1	80,8,1	184,8,1	128,8,1	96,8,1	96,8,1	104,8,1	128,8,1	176,8,1	176,8,1	96,8,1	72,8,1	160,8,1	112,8,1	96,8,1	80,8,1	96,8,1	112,8,1	96,8,1	48,8,1	112,8,1	112,8,1	112,8,1
Di÷u D≠¨ng Chi Ma Hoµng Quan Mi÷n	120,8,1	120,8,1	120,8,1	120,8,1	88,8,1	88,8,1	88,8,1	88,8,1	120,8,1	120,8,1	88,8,1	88,8,1	120,8,1	120,8,1	120,8,1	120,8,1	120,8,1	248,8,1	248,8,1	96,8,1	88,8,1	88,8,1	88,8,1	88,8,1	88,8,1	96,8,1	96,8,1	88,8,1	72,8,1	64,8,1	56,8,1	96,8,1	104,8,1	104,8,1	56,8,1	96,8,1	88,8,1	120,8,1	144,8,1	104,8,1	104,8,1	120,8,1	144,8,1	128,8,1	112,8,1	96,8,1	96,8,1	128,8,1	96,8,1	232,8,1	192,8,1	232,8,1	192,8,1	80,8,1	184,8,1	128,8,1	96,8,1	96,8,1	104,8,1	128,8,1	176,8,1	176,8,1	96,8,1	72,8,1	160,8,1	112,8,1	96,8,1	80,8,1	96,8,1	112,8,1	96,8,1	48,8,1	112,8,1	112,8,1	112,8,1
Di÷u D≠¨ng Chi L®ng Nhπc Quan	120,8,1	120,8,1	120,8,1	120,8,1	88,8,1	88,8,1	88,8,1	88,8,1	120,8,1	120,8,1	88,8,1	88,8,1	120,8,1	120,8,1	120,8,1	120,8,1	120,8,1	248,8,1	248,8,1	96,8,1	88,8,1	88,8,1	88,8,1	88,8,1	88,8,1	96,8,1	96,8,1	88,8,1	72,8,1	64,8,1	56,8,1	96,8,1	104,8,1	104,8,1	56,8,1	96,8,1	88,8,1	120,8,1	144,8,1	104,8,1	104,8,1	120,8,1	144,8,1	128,8,1	112,8,1	96,8,1	96,8,1	128,8,1	96,8,1	232,8,1	192,8,1	232,8,1	192,8,1	80,8,1	184,8,1	128,8,1	96,8,1	96,8,1	104,8,1	128,8,1	176,8,1	176,8,1	96,8,1	72,8,1	160,8,1	112,8,1	96,8,1	80,8,1	96,8,1	112,8,1	96,8,1	48,8,1	112,8,1	112,8,1	112,8,1
Di÷u D≠¨ng Chi CÀp Phong Quan	120,8,1	120,8,1	120,8,1	120,8,1	88,8,1	88,8,1	88,8,1	88,8,1	120,8,1	120,8,1	88,8,1	88,8,1	120,8,1	120,8,1	120,8,1	120,8,1	120,8,1	248,8,1	248,8,1	96,8,1	88,8,1	88,8,1	88,8,1	88,8,1	88,8,1	96,8,1	96,8,1	88,8,1	72,8,1	64,8,1	56,8,1	96,8,1	104,8,1	104,8,1	56,8,1	96,8,1	88,8,1	120,8,1	144,8,1	104,8,1	104,8,1	120,8,1	144,8,1	128,8,1	112,8,1	96,8,1	96,8,1	128,8,1	96,8,1	232,8,1	192,8,1	232,8,1	192,8,1	80,8,1	184,8,1	128,8,1	96,8,1	96,8,1	104,8,1	128,8,1	176,8,1	176,8,1	96,8,1	72,8,1	160,8,1	112,8,1	96,8,1	80,8,1	96,8,1	112,8,1	96,8,1	48,8,1	112,8,1	112,8,1	112,8,1
Di÷u D≠¨ng Chi S≠¨ng Tinh ßπo Quan	120,8,1	120,8,1	120,8,1	120,8,1	88,8,1	88,8,1	88,8,1	88,8,1	120,8,1	120,8,1	88,8,1	88,8,1	120,8,1	120,8,1	120,8,1	120,8,1	120,8,1	248,8,1	248,8,1	96,8,1	88,8,1	88,8,1	88,8,1	88,8,1	88,8,1	96,8,1	96,8,1	88,8,1	72,8,1	64,8,1	56,8,1	96,8,1	104,8,1	104,8,1	56,8,1	96,8,1	88,8,1	120,8,1	144,8,1	104,8,1	104,8,1	120,8,1	144,8,1	128,8,1	112,8,1	96,8,1	96,8,1	128,8,1	96,8,1	232,8,1	192,8,1	232,8,1	192,8,1	80,8,1	184,8,1	128,8,1	96,8,1	96,8,1	104,8,1	128,8,1	176,8,1	176,8,1	96,8,1	72,8,1	160,8,1	112,8,1	96,8,1	80,8,1	96,8,1	112,8,1	96,8,1	48,8,1	112,8,1	112,8,1	112,8,1
Di÷u D≠¨ng Chi L´I Khung ßπo Quan	120,8,1	120,8,1	120,8,1	120,8,1	88,8,1	88,8,1	88,8,1	88,8,1	120,8,1	120,8,1	88,8,1	88,8,1	120,8,1	120,8,1	120,8,1	120,8,1	120,8,1	248,8,1	248,8,1	96,8,1	88,8,1	88,8,1	88,8,1	88,8,1	88,8,1	96,8,1	96,8,1	88,8,1	72,8,1	64,8,1	56,8,1	96,8,1	104,8,1	104,8,1	56,8,1	96,8,1	88,8,1	120,8,1	144,8,1	104,8,1	104,8,1	120,8,1	144,8,1	128,8,1	112,8,1	96,8,1	96,8,1	128,8,1	96,8,1	232,8,1	192,8,1	232,8,1	192,8,1	80,8,1	184,8,1	128,8,1	96,8,1	96,8,1	104,8,1	128,8,1	176,8,1	176,8,1	96,8,1	72,8,1	160,8,1	112,8,1	96,8,1	80,8,1	96,8,1	112,8,1	96,8,1	48,8,1	112,8,1	112,8,1	112,8,1
Di÷u D≠¨ng Chi PhÔ V©n Quan	120,8,1	120,8,1	120,8,1	120,8,1	88,8,1	88,8,1	88,8,1	88,8,1	120,8,1	120,8,1	88,8,1	88,8,1	120,8,1	120,8,1	120,8,1	120,8,1	120,8,1	248,8,1	248,8,1	96,8,1	88,8,1	88,8,1	88,8,1	88,8,1	88,8,1	96,8,1	96,8,1	88,8,1	72,8,1	64,8,1	56,8,1	96,8,1	104,8,1	104,8,1	56,8,1	96,8,1	88,8,1	120,8,1	144,8,1	104,8,1	104,8,1	120,8,1	144,8,1	128,8,1	112,8,1	96,8,1	96,8,1	128,8,1	96,8,1	232,8,1	192,8,1	232,8,1	192,8,1	80,8,1	184,8,1	128,8,1	96,8,1	96,8,1	104,8,1	128,8,1	176,8,1	176,8,1	96,8,1	72,8,1	160,8,1	112,8,1	96,8,1	80,8,1	96,8,1	112,8,1	96,8,1	48,8,1	112,8,1	112,8,1	112,8,1
Di÷u D≠¨ng Chi TrÔng V©n Quan	120,8,1	120,8,1	120,8,1	120,8,1	88,8,1	88,8,1	88,8,1	88,8,1	120,8,1	120,8,1	88,8,1	88,8,1	120,8,1	120,8,1	120,8,1	120,8,1	120,8,1	248,8,1	248,8,1	96,8,1	88,8,1	88,8,1	88,8,1	88,8,1	88,8,1	96,8,1	96,8,1	88,8,1	72,8,1	64,8,1	56,8,1	96,8,1	104,8,1	104,8,1	56,8,1	96,8,1	88,8,1	120,8,1	144,8,1	104,8,1	104,8,1	120,8,1	144,8,1	128,8,1	112,8,1	96,8,1	96,8,1	128,8,1	96,8,1	232,8,1	192,8,1	232,8,1	192,8,1	80,8,1	184,8,1	128,8,1	96,8,1	96,8,1	104,8,1	128,8,1	176,8,1	176,8,1	96,8,1	72,8,1	160,8,1	112,8,1	96,8,1	80,8,1	96,8,1	112,8,1	96,8,1	48,8,1	112,8,1	112,8,1	112,8,1
Anh Hµo Chi Thi”u L©m ThÒ	120,8,1	120,8,1	120,8,1	120,8,1	88,8,1	88,8,1	88,8,1	88,8,1	120,8,1	120,8,1	88,8,1	88,8,1	120,8,1	120,8,1	120,8,1	120,8,1	120,8,1	248,8,1	248,8,1	96,8,1	88,8,1	88,8,1	88,8,1	88,8,1	88,8,1	96,8,1	96,8,1	88,8,1	72,8,1	64,8,1	56,8,1	96,8,1	104,8,1	104,8,1	56,8,1	96,8,1	88,8,1	120,8,1	144,8,1	104,8,1	104,8,1	120,8,1	144,8,1	128,8,1	112,8,1	96,8,1	96,8,1	128,8,1	96,8,1	232,8,1	192,8,1	232,8,1	192,8,1	80,8,1	184,8,1	128,8,1	96,8,1	96,8,1	104,8,1	128,8,1	176,8,1	176,8,1	96,8,1	72,8,1	160,8,1	112,8,1	96,8,1	80,8,1	96,8,1	112,8,1	96,8,1	48,8,1	112,8,1	112,8,1	112,8,1
Anh Hµo Chi Thi”u L©m C´n	120,8,1	120,8,1	120,8,1	120,8,1	88,8,1	88,8,1	88,8,1	88,8,1	120,8,1	120,8,1	88,8,1	88,8,1	120,8,1	120,8,1	120,8,1	120,8,1	120,8,1	248,8,1	248,8,1	96,8,1	88,8,1	88,8,1	88,8,1	88,8,1	88,8,1	96,8,1	96,8,1	88,8,1	72,8,1	64,8,1	56,8,1	96,8,1	104,8,1	104,8,1	56,8,1	96,8,1	88,8,1	120,8,1	144,8,1	104,8,1	104,8,1	120,8,1	144,8,1	128,8,1	112,8,1	96,8,1	96,8,1	128,8,1	96,8,1	232,8,1	192,8,1	232,8,1	192,8,1	80,8,1	184,8,1	128,8,1	96,8,1	96,8,1	104,8,1	128,8,1	176,8,1	176,8,1	96,8,1	72,8,1	160,8,1	112,8,1	96,8,1	80,8,1	96,8,1	112,8,1	96,8,1	48,8,1	112,8,1	112,8,1	112,8,1
Anh Hµo Chi Thi”u L©m ßao	120,8,1	120,8,1	120,8,1	120,8,1	88,8,1	88,8,1	88,8,1	88,8,1	120,8,1	120,8,1	88,8,1	88,8,1	120,8,1	120,8,1	120,8,1	120,8,1	120,8,1	248,8,1	248,8,1	96,8,1	88,8,1	88,8,1	88,8,1	88,8,1	88,8,1	96,8,1	96,8,1	88,8,1	72,8,1	64,8,1	56,8,1	96,8,1	104,8,1	104,8,1	56,8,1	96,8,1	88,8,1	120,8,1	144,8,1	104,8,1	104,8,1	120,8,1	144,8,1	128,8,1	112,8,1	96,8,1	96,8,1	128,8,1	96,8,1	232,8,1	192,8,1	232,8,1	192,8,1	80,8,1	184,8,1	128,8,1	96,8,1	96,8,1	104,8,1	128,8,1	176,8,1	176,8,1	96,8,1	72,8,1	160,8,1	112,8,1	96,8,1	80,8,1	96,8,1	112,8,1	96,8,1	48,8,1	112,8,1	112,8,1	112,8,1
Anh Hµo Chi Thi™n V≠¨ng ChÔy	120,8,1	120,8,1	120,8,1	120,8,1	88,8,1	88,8,1	88,8,1	88,8,1	120,8,1	120,8,1	88,8,1	88,8,1	120,8,1	120,8,1	120,8,1	120,8,1	120,8,1	248,8,1	248,8,1	96,8,1	88,8,1	88,8,1	88,8,1	88,8,1	88,8,1	96,8,1	96,8,1	88,8,1	72,8,1	64,8,1	56,8,1	96,8,1	104,8,1	104,8,1	56,8,1	96,8,1	88,8,1	120,8,1	144,8,1	104,8,1	104,8,1	120,8,1	144,8,1	128,8,1	112,8,1	96,8,1	96,8,1	128,8,1	96,8,1	232,8,1	192,8,1	232,8,1	192,8,1	80,8,1	184,8,1	128,8,1	96,8,1	96,8,1	104,8,1	128,8,1	176,8,1	176,8,1	96,8,1	72,8,1	160,8,1	112,8,1	96,8,1	80,8,1	96,8,1	112,8,1	96,8,1	48,8,1	112,8,1	112,8,1	112,8,1
Anh Hµo Chi Thi™n V≠¨ng Th≠¨ng	120,8,1	120,8,1	120,8,1	120,8,1	88,8,1	88,8,1	88,8,1	88,8,1	120,8,1	120,8,1	88,8,1	88,8,1	120,8,1	120,8,1	120,8,1	120,8,1	120,8,1	248,8,1	248,8,1	96,8,1	88,8,1	88,8,1	88,8,1	88,8,1	88,8,1	96,8,1	96,8,1	88,8,1	72,8,1	64,8,1	56,8,1	96,8,1	104,8,1	104,8,1	56,8,1	96,8,1	88,8,1	120,8,1	144,8,1	104,8,1	104,8,1	120,8,1	144,8,1	128,8,1	112,8,1	96,8,1	96,8,1	128,8,1	96,8,1	232,8,1	192,8,1	232,8,1	192,8,1	80,8,1	184,8,1	128,8,1	96,8,1	96,8,1	104,8,1	128,8,1	176,8,1	176,8,1	96,8,1	72,8,1	160,8,1	112,8,1	96,8,1	80,8,1	96,8,1	112,8,1	96,8,1	48,8,1	112,8,1	112,8,1	112,8,1
Anh Hµo Chi Thi™n V≠¨ng ßao	120,8,1	120,8,1	120,8,1	120,8,1	88,8,1	88,8,1	88,8,1	88,8,1	120,8,1	120,8,1	88,8,1	88,8,1	120,8,1	120,8,1	120,8,1	120,8,1	120,8,1	248,8,1	248,8,1	96,8,1	88,8,1	88,8,1	88,8,1	88,8,1	88,8,1	96,8,1	96,8,1	88,8,1	72,8,1	64,8,1	56,8,1	96,8,1	104,8,1	104,8,1	56,8,1	96,8,1	88,8,1	120,8,1	144,8,1	104,8,1	104,8,1	120,8,1	144,8,1	128,8,1	112,8,1	96,8,1	96,8,1	128,8,1	96,8,1	232,8,1	192,8,1	232,8,1	192,8,1	80,8,1	184,8,1	128,8,1	96,8,1	96,8,1	104,8,1	128,8,1	176,8,1	176,8,1	96,8,1	72,8,1	160,8,1	112,8,1	96,8,1	80,8,1	96,8,1	112,8,1	96,8,1	48,8,1	112,8,1	112,8,1	112,8,1
Anh Hµo Chi Nga Mi Ki’m	120,8,1	120,8,1							120,8,1	120,8,1	88,8,1	88,8,1						248,8,1	248,8,1	96,8,1						96,8,1	96,8,1	88,8,1					104,8,1	104,8,1	56,8,1					104,8,1	104,8,1	120,8,1								232,8,1	192,8,1	232,8,1	192,8,1	80,8,1	184,8,1						176,8,1	176,8,1	96,8,1												
Anh Hµo Chi Nga Mi ThÒ	120,8,1	120,8,1							120,8,1	120,8,1	88,8,1	88,8,1						248,8,1	248,8,1	96,8,1						96,8,1	96,8,1	88,8,1					104,8,1	104,8,1	56,8,1					104,8,1	104,8,1	120,8,1								232,8,1	192,8,1	232,8,1	192,8,1	80,8,1	184,8,1						176,8,1	176,8,1	96,8,1												
Anh Hµo Chi ThÛy Y™n ß¨n ßao	120,8,1	120,8,1							120,8,1	120,8,1	88,8,1	88,8,1						248,8,1	248,8,1	96,8,1						96,8,1	96,8,1	88,8,1					104,8,1	104,8,1	56,8,1					104,8,1	104,8,1	120,8,1								232,8,1	192,8,1	232,8,1	192,8,1	80,8,1	184,8,1						176,8,1	176,8,1	96,8,1												
Anh Hµo Chi ThÛy Y™n Song ßao	120,8,1	120,8,1							120,8,1	120,8,1	88,8,1	88,8,1						248,8,1	248,8,1	96,8,1						96,8,1	96,8,1	88,8,1					104,8,1	104,8,1	56,8,1					104,8,1	104,8,1	120,8,1								232,8,1	192,8,1	232,8,1	192,8,1	80,8,1	184,8,1						176,8,1	176,8,1	96,8,1												
Anh Hµo Chi NgÚ ßÈc ThÒ	120,8,1	120,8,1	120,8,1	120,8,1	88,8,1	88,8,1	88,8,1	88,8,1	120,8,1	120,8,1	88,8,1	88,8,1	120,8,1	120,8,1	120,8,1	120,8,1	120,8,1	248,8,1	248,8,1	96,8,1	88,8,1	88,8,1	88,8,1	88,8,1	88,8,1	96,8,1	96,8,1	88,8,1	72,8,1	64,8,1	56,8,1	96,8,1	104,8,1	104,8,1	56,8,1	96,8,1	88,8,1	120,8,1	144,8,1	104,8,1	104,8,1	120,8,1	144,8,1	128,8,1	112,8,1	96,8,1	96,8,1	128,8,1	96,8,1	232,8,1	192,8,1	232,8,1	192,8,1	80,8,1	184,8,1	128,8,1	96,8,1	96,8,1	104,8,1	128,8,1	176,8,1	176,8,1	96,8,1	72,8,1	160,8,1	112,8,1	96,8,1	80,8,1	96,8,1	112,8,1	96,8,1	48,8,1	112,8,1	112,8,1	112,8,1
Anh Hµo Chi NgÚ ßÈc ßao	120,8,1	120,8,1	120,8,1	120,8,1	88,8,1	88,8,1	88,8,1	88,8,1	120,8,1	120,8,1	88,8,1	88,8,1	120,8,1	120,8,1	120,8,1	120,8,1	120,8,1	248,8,1	248,8,1	96,8,1	88,8,1	88,8,1	88,8,1	88,8,1	88,8,1	96,8,1	96,8,1	88,8,1	72,8,1	64,8,1	56,8,1	96,8,1	104,8,1	104,8,1	56,8,1	96,8,1	88,8,1	120,8,1	144,8,1	104,8,1	104,8,1	120,8,1	144,8,1	128,8,1	112,8,1	96,8,1	96,8,1	128,8,1	96,8,1	232,8,1	192,8,1	232,8,1	192,8,1	80,8,1	184,8,1	128,8,1	96,8,1	96,8,1	104,8,1	128,8,1	176,8,1	176,8,1	96,8,1	72,8,1	160,8,1	112,8,1	96,8,1	80,8,1	96,8,1	112,8,1	96,8,1	48,8,1	112,8,1	112,8,1	112,8,1
Anh Hµo Chi ß≠Íng M´n Phi ßao	120,8,1	120,8,1	120,8,1	120,8,1	88,8,1	88,8,1	88,8,1	88,8,1	120,8,1	120,8,1	88,8,1	88,8,1	120,8,1	120,8,1	120,8,1	120,8,1	120,8,1	248,8,1	248,8,1	96,8,1	88,8,1	88,8,1	88,8,1	88,8,1	88,8,1	96,8,1	96,8,1	88,8,1	72,8,1	64,8,1	56,8,1	96,8,1	104,8,1	104,8,1	56,8,1	96,8,1	88,8,1	120,8,1	144,8,1	104,8,1	104,8,1	120,8,1	144,8,1	128,8,1	112,8,1	96,8,1	96,8,1	128,8,1	96,8,1	232,8,1	192,8,1	232,8,1	192,8,1	80,8,1	184,8,1	128,8,1	96,8,1	96,8,1	104,8,1	128,8,1	176,8,1	176,8,1	96,8,1	72,8,1	160,8,1	112,8,1	96,8,1	80,8,1	96,8,1	112,8,1	96,8,1	48,8,1	112,8,1	112,8,1	112,8,1
Anh Hµo Chi ß≠Íng M´n TÙ Ti‘n	120,8,1	120,8,1	120,8,1	120,8,1	88,8,1	88,8,1	88,8,1	88,8,1	120,8,1	120,8,1	88,8,1	88,8,1	120,8,1	120,8,1	120,8,1	120,8,1	120,8,1	248,8,1	248,8,1	96,8,1	88,8,1	88,8,1	88,8,1	88,8,1	88,8,1	96,8,1	96,8,1	88,8,1	72,8,1	64,8,1	56,8,1	96,8,1	104,8,1	104,8,1	56,8,1	96,8,1	88,8,1	120,8,1	144,8,1	104,8,1	104,8,1	120,8,1	144,8,1	128,8,1	112,8,1	96,8,1	96,8,1	128,8,1	96,8,1	232,8,1	192,8,1	232,8,1	192,8,1	80,8,1	184,8,1	128,8,1	96,8,1	96,8,1	104,8,1	128,8,1	176,8,1	176,8,1	96,8,1	72,8,1	160,8,1	112,8,1	96,8,1	80,8,1	96,8,1	112,8,1	96,8,1	48,8,1	112,8,1	112,8,1	112,8,1
Anh Hµo Chi ß≠Íng M´n Phi Ti™u	120,8,1	120,8,1	120,8,1	120,8,1	88,8,1	88,8,1	88,8,1	88,8,1	120,8,1	120,8,1	88,8,1	88,8,1	120,8,1	120,8,1	120,8,1	120,8,1	120,8,1	248,8,1	248,8,1	96,8,1	88,8,1	88,8,1	88,8,1	88,8,1	88,8,1	96,8,1	96,8,1	88,8,1	72,8,1	64,8,1	56,8,1	96,8,1	104,8,1	104,8,1	56,8,1	96,8,1	88,8,1	120,8,1	144,8,1	104,8,1	104,8,1	120,8,1	144,8,1	128,8,1	112,8,1	96,8,1	96,8,1	128,8,1	96,8,1	232,8,1	192,8,1	232,8,1	192,8,1	80,8,1	184,8,1	128,8,1	96,8,1	96,8,1	104,8,1	128,8,1	176,8,1	176,8,1	96,8,1	72,8,1	160,8,1	112,8,1	96,8,1	80,8,1	96,8,1	112,8,1	96,8,1	48,8,1	112,8,1	112,8,1	112,8,1
Anh Hµo Chi C∏I Bang Tri“n ThÒ	120,8,1	120,8,1	120,8,1	120,8,1	88,8,1	88,8,1	88,8,1	88,8,1	120,8,1	120,8,1	88,8,1	88,8,1	120,8,1	120,8,1	120,8,1	120,8,1	120,8,1	248,8,1	248,8,1	96,8,1	88,8,1	88,8,1	88,8,1	88,8,1	88,8,1	96,8,1	96,8,1	88,8,1	72,8,1	64,8,1	56,8,1	96,8,1	104,8,1	104,8,1	56,8,1	96,8,1	88,8,1	120,8,1	144,8,1	104,8,1	104,8,1	120,8,1	144,8,1	128,8,1	112,8,1	96,8,1	96,8,1	128,8,1	96,8,1	232,8,1	192,8,1	232,8,1	192,8,1	80,8,1	184,8,1	128,8,1	96,8,1	96,8,1	104,8,1	128,8,1	176,8,1	176,8,1	96,8,1	72,8,1	160,8,1	112,8,1	96,8,1	80,8,1	96,8,1	112,8,1	96,8,1	48,8,1	112,8,1	112,8,1	112,8,1
Anh Hµo Chi C∏I Bang BÊng	120,8,1	120,8,1	120,8,1	120,8,1	88,8,1	88,8,1	88,8,1	88,8,1	120,8,1	120,8,1	88,8,1	88,8,1	120,8,1	120,8,1	120,8,1	120,8,1	120,8,1	248,8,1	248,8,1	96,8,1	88,8,1	88,8,1	88,8,1	88,8,1	88,8,1	96,8,1	96,8,1	88,8,1	72,8,1	64,8,1	56,8,1	96,8,1	104,8,1	104,8,1	56,8,1	96,8,1	88,8,1	120,8,1	144,8,1	104,8,1	104,8,1	120,8,1	144,8,1	128,8,1	112,8,1	96,8,1	96,8,1	128,8,1	96,8,1	232,8,1	192,8,1	232,8,1	192,8,1	80,8,1	184,8,1	128,8,1	96,8,1	96,8,1	104,8,1	128,8,1	176,8,1	176,8,1	96,8,1	72,8,1	160,8,1	112,8,1	96,8,1	80,8,1	96,8,1	112,8,1	96,8,1	48,8,1	112,8,1	112,8,1	112,8,1
Anh Hµo Chi Thi™n Nh…n Th≠¨ng	120,8,1	120,8,1	120,8,1	120,8,1	88,8,1	88,8,1	88,8,1	88,8,1	120,8,1	120,8,1	88,8,1	88,8,1	120,8,1	120,8,1	120,8,1	120,8,1	120,8,1	248,8,1	248,8,1	96,8,1	88,8,1	88,8,1	88,8,1	88,8,1	88,8,1	96,8,1	96,8,1	88,8,1	72,8,1	64,8,1	56,8,1	96,8,1	104,8,1	104,8,1	56,8,1	96,8,1	88,8,1	120,8,1	144,8,1	104,8,1	104,8,1	120,8,1	144,8,1	128,8,1	112,8,1	96,8,1	96,8,1	128,8,1	96,8,1	232,8,1	192,8,1	232,8,1	192,8,1	80,8,1	184,8,1	128,8,1	96,8,1	96,8,1	104,8,1	128,8,1	176,8,1	176,8,1	96,8,1	72,8,1	160,8,1	112,8,1	96,8,1	80,8,1	96,8,1	112,8,1	96,8,1	48,8,1	112,8,1	112,8,1	112,8,1
Anh Hµo Chi Thi™n Nh…n ßao	120,8,1	120,8,1	120,8,1	120,8,1	88,8,1	88,8,1	88,8,1	88,8,1	120,8,1	120,8,1	88,8,1	88,8,1	120,8,1	120,8,1	120,8,1	120,8,1	120,8,1	248,8,1	248,8,1	96,8,1	88,8,1	88,8,1	88,8,1	88,8,1	88,8,1	96,8,1	96,8,1	88,8,1	72,8,1	64,8,1	56,8,1	96,8,1	104,8,1	104,8,1	56,8,1	96,8,1	88,8,1	120,8,1	144,8,1	104,8,1	104,8,1	120,8,1	144,8,1	128,8,1	112,8,1	96,8,1	96,8,1	128,8,1	96,8,1	232,8,1	192,8,1	232,8,1	192,8,1	80,8,1	184,8,1	128,8,1	96,8,1	96,8,1	104,8,1	128,8,1	176,8,1	176,8,1	96,8,1	72,8,1	160,8,1	112,8,1	96,8,1	80,8,1	96,8,1	112,8,1	96,8,1	48,8,1	112,8,1	112,8,1	112,8,1
Anh Hµo Chi V‚ ßang Ki’m	120,8,1	120,8,1	120,8,1	120,8,1	88,8,1	88,8,1	88,8,1	88,8,1	120,8,1	120,8,1	88,8,1	88,8,1	120,8,1	120,8,1	120,8,1	120,8,1	120,8,1	248,8,1	248,8,1	96,8,1	88,8,1	88,8,1	88,8,1	88,8,1	88,8,1	96,8,1	96,8,1	88,8,1	72,8,1	64,8,1	56,8,1	96,8,1	104,8,1	104,8,1	56,8,1	96,8,1	88,8,1	120,8,1	144,8,1	104,8,1	104,8,1	120,8,1	144,8,1	128,8,1	112,8,1	96,8,1	96,8,1	128,8,1	96,8,1	232,8,1	192,8,1	232,8,1	192,8,1	80,8,1	184,8,1	128,8,1	96,8,1	96,8,1	104,8,1	128,8,1	176,8,1	176,8,1	96,8,1	72,8,1	160,8,1	112,8,1	96,8,1	80,8,1	96,8,1	112,8,1	96,8,1	48,8,1	112,8,1	112,8,1	112,8,1
Anh Hµo Chi V‚ ßang Ki’m	120,8,1	120,8,1	120,8,1	120,8,1	88,8,1	88,8,1	88,8,1	88,8,1	120,8,1	120,8,1	88,8,1	88,8,1	120,8,1	120,8,1	120,8,1	120,8,1	120,8,1	248,8,1	248,8,1	96,8,1	88,8,1	88,8,1	88,8,1	88,8,1	88,8,1	96,8,1	96,8,1	88,8,1	72,8,1	64,8,1	56,8,1	96,8,1	104,8,1	104,8,1	56,8,1	96,8,1	88,8,1	120,8,1	144,8,1	104,8,1	104,8,1	120,8,1	144,8,1	128,8,1	112,8,1	96,8,1	96,8,1	128,8,1	96,8,1	232,8,1	192,8,1	232,8,1	192,8,1	80,8,1	184,8,1	128,8,1	96,8,1	96,8,1	104,8,1	128,8,1	176,8,1	176,8,1	96,8,1	72,8,1	160,8,1	112,8,1	96,8,1	80,8,1	96,8,1	112,8,1	96,8,1	48,8,1	112,8,1	112,8,1	112,8,1
Anh Hµo Chi C´n L´n ßao	120,8,1	120,8,1	120,8,1	120,8,1	88,8,1	88,8,1	88,8,1	88,8,1	120,8,1	120,8,1	88,8,1	88,8,1	120,8,1	120,8,1	120,8,1	120,8,1	120,8,1	248,8,1	248,8,1	96,8,1	88,8,1	88,8,1	88,8,1	88,8,1	88,8,1	96,8,1	96,8,1	88,8,1	72,8,1	64,8,1	56,8,1	96,8,1	104,8,1	104,8,1	56,8,1	96,8,1	88,8,1	120,8,1	144,8,1	104,8,1	104,8,1	120,8,1	144,8,1	128,8,1	112,8,1	96,8,1	96,8,1	128,8,1	96,8,1	232,8,1	192,8,1	232,8,1	192,8,1	80,8,1	184,8,1	128,8,1	96,8,1	96,8,1	104,8,1	128,8,1	176,8,1	176,8,1	96,8,1	72,8,1	160,8,1	112,8,1	96,8,1	80,8,1	96,8,1	112,8,1	96,8,1	48,8,1	112,8,1	112,8,1	112,8,1
Anh Hµo Chi C´n L´n Ki’m	120,8,1	120,8,1	120,8,1	120,8,1	88,8,1	88,8,1	88,8,1	88,8,1	120,8,1	120,8,1	88,8,1	88,8,1	120,8,1	120,8,1	120,8,1	120,8,1	120,8,1	248,8,1	248,8,1	96,8,1	88,8,1	88,8,1	88,8,1	88,8,1	88,8,1	96,8,1	96,8,1	88,8,1	72,8,1	64,8,1	56,8,1	96,8,1	104,8,1	104,8,1	56,8,1	96,8,1	88,8,1	120,8,1	144,8,1	104,8,1	104,8,1	120,8,1	144,8,1	128,8,1	112,8,1	96,8,1	96,8,1	128,8,1	96,8,1	232,8,1	192,8,1	232,8,1	192,8,1	80,8,1	184,8,1	128,8,1	96,8,1	96,8,1	104,8,1	128,8,1	176,8,1	176,8,1	96,8,1	72,8,1	160,8,1	112,8,1	96,8,1	80,8,1	96,8,1	112,8,1	96,8,1	48,8,1	112,8,1	112,8,1	112,8,1
Anh Hµo Chi Hoa S¨n Ki’m	120,8,1	120,8,1	120,8,1	120,8,1	88,8,1	88,8,1	88,8,1	88,8,1	120,8,1	120,8,1	88,8,1	88,8,1	120,8,1	120,8,1	120,8,1	120,8,1	120,8,1	248,8,1	248,8,1	96,8,1	88,8,1	88,8,1	88,8,1	88,8,1	88,8,1	96,8,1	96,8,1	88,8,1	72,8,1	64,8,1	56,8,1	96,8,1	104,8,1	104,8,1	56,8,1	96,8,1	88,8,1	120,8,1	144,8,1	104,8,1	104,8,1	120,8,1	144,8,1	128,8,1	112,8,1	96,8,1	96,8,1	128,8,1	96,8,1	232,8,1	192,8,1	232,8,1	192,8,1	80,8,1	184,8,1	128,8,1	96,8,1	96,8,1	104,8,1	128,8,1	176,8,1	176,8,1	96,8,1	72,8,1	160,8,1	112,8,1	96,8,1	80,8,1	96,8,1	112,8,1	96,8,1	48,8,1	112,8,1	112,8,1	112,8,1
Anh Hµo Chi Hoa S¨n Ki’m	120,8,1	120,8,1	120,8,1	120,8,1	88,8,1	88,8,1	88,8,1	88,8,1	120,8,1	120,8,1	88,8,1	88,8,1	120,8,1	120,8,1	120,8,1	120,8,1	120,8,1	248,8,1	248,8,1	96,8,1	88,8,1	88,8,1	88,8,1	88,8,1	88,8,1	96,8,1	96,8,1	88,8,1	72,8,1	64,8,1	56,8,1	96,8,1	104,8,1	104,8,1	56,8,1	96,8,1	88,8,1	120,8,1	144,8,1	104,8,1	104,8,1	120,8,1	144,8,1	128,8,1	112,8,1	96,8,1	96,8,1	128,8,1	96,8,1	232,8,1	192,8,1	232,8,1	192,8,1	80,8,1	184,8,1	128,8,1	96,8,1	96,8,1	104,8,1	128,8,1	176,8,1	176,8,1	96,8,1	72,8,1	160,8,1	112,8,1	96,8,1	80,8,1	96,8,1	112,8,1	96,8,1	48,8,1	112,8,1	112,8,1	112,8,1
VÚ HÂn T∂ ThÒ 1	120,8,1	120,8,1	120,8,1	120,8,1	88,8,1	88,8,1	88,8,1	88,8,1	120,8,1	120,8,1	88,8,1	88,8,1	120,8,1	120,8,1	120,8,1	120,8,1	120,8,1	248,8,1	248,8,1	96,8,1	88,8,1	88,8,1	88,8,1	88,8,1	88,8,1	96,8,1	96,8,1	88,8,1	72,8,1	64,8,1	56,8,1	96,8,1	104,8,1	104,8,1	56,8,1	104,8,1	96,8,1	128,8,1	144,8,1	104,8,1	104,8,1	120,8,1	144,8,1	128,8,1	112,8,1	96,8,1	96,8,1	128,8,1	96,8,1	232,8,1	192,8,1	232,8,1	192,8,1	80,8,1	184,8,1	128,8,1	96,8,1	96,8,1	104,8,1	128,8,1	176,8,1	176,8,1	96,8,1	72,8,1	160,8,1	112,8,1	96,8,1	80,8,1	96,8,1	112,8,1	96,8,1	48,8,1	112,8,1	112,8,1	112,8,1
VÚ HÂn T∂ ThÒ 2	120,8,1	120,8,1	120,8,1	120,8,1	88,8,1	88,8,1	88,8,1	88,8,1	120,8,1	120,8,1	88,8,1	88,8,1	120,8,1	120,8,1	120,8,1	120,8,1	120,8,1	248,8,1	248,8,1	96,8,1	88,8,1	88,8,1	88,8,1	88,8,1	88,8,1	96,8,1	96,8,1	88,8,1	72,8,1	64,8,1	56,8,1	96,8,1	104,8,1	104,8,1	56,8,1	104,8,1	96,8,1	128,8,1	144,8,1	104,8,1	104,8,1	120,8,1	144,8,1	128,8,1	112,8,1	96,8,1	96,8,1	128,8,1	96,8,1	232,8,1	192,8,1	232,8,1	192,8,1	80,8,1	184,8,1	128,8,1	96,8,1	96,8,1	104,8,1	128,8,1	176,8,1	176,8,1	96,8,1	72,8,1	160,8,1	112,8,1	96,8,1	80,8,1	96,8,1	112,8,1	96,8,1	48,8,1	112,8,1	112,8,1	112,8,1
VÚ HÂn T∂ ThÒ 3	120,8,1	120,8,1	120,8,1	120,8,1	88,8,1	88,8,1	88,8,1	88,8,1	120,8,1	120,8,1	88,8,1	88,8,1	120,8,1	120,8,1	120,8,1	120,8,1	120,8,1	248,8,1	248,8,1	96,8,1	88,8,1	88,8,1	88,8,1	88,8,1	88,8,1	96,8,1	96,8,1	88,8,1	72,8,1	64,8,1	56,8,1	96,8,1	104,8,1	104,8,1	56,8,1	104,8,1	96,8,1	128,8,1	144,8,1	104,8,1	104,8,1	120,8,1	144,8,1	128,8,1	112,8,1	96,8,1	96,8,1	128,8,1	96,8,1	232,8,1	192,8,1	232,8,1	192,8,1	80,8,1	184,8,1	128,8,1	96,8,1	96,8,1	104,8,1	128,8,1	176,8,1	176,8,1	96,8,1	72,8,1	160,8,1	112,8,1	96,8,1	80,8,1	96,8,1	112,8,1	96,8,1	48,8,1	112,8,1	112,8,1	112,8,1
VÚ HÂn T∂ ThÒ 4	120,8,1	120,8,1	120,8,1	120,8,1	88,8,1	88,8,1	88,8,1	88,8,1	120,8,1	120,8,1	88,8,1	88,8,1	120,8,1	120,8,1	120,8,1	120,8,1	120,8,1	248,8,1	248,8,1	96,8,1	88,8,1	88,8,1	88,8,1	88,8,1	88,8,1	96,8,1	96,8,1	88,8,1	72,8,1	64,8,1	56,8,1	96,8,1	104,8,1	104,8,1	56,8,1	104,8,1	96,8,1	128,8,1	144,8,1	104,8,1	104,8,1	120,8,1	144,8,1	128,8,1	112,8,1	96,8,1	96,8,1	128,8,1	96,8,1	232,8,1	192,8,1	232,8,1	192,8,1	80,8,1	184,8,1	128,8,1	96,8,1	96,8,1	104,8,1	128,8,1	176,8,1	176,8,1	96,8,1	72,8,1	160,8,1	112,8,1	96,8,1	80,8,1	96,8,1	112,8,1	96,8,1	48,8,1	112,8,1	112,8,1	112,8,1
Anh Hµo Chi VÚ HÂn Thu…n Ph∏p	120,8,1	120,8,1	120,8,1	120,8,1	88,8,1	88,8,1	88,8,1	88,8,1	120,8,1	120,8,1	88,8,1	88,8,1	120,8,1	120,8,1	120,8,1	120,8,1	120,8,1	248,8,1	248,8,1	96,8,1	88,8,1	88,8,1	88,8,1	88,8,1	88,8,1	96,8,1	96,8,1	88,8,1	72,8,1	64,8,1	56,8,1	96,8,1	104,8,1	104,8,1	56,8,1	104,8,1	96,8,1	128,8,1	144,8,1	104,8,1	104,8,1	120,8,1	144,8,1	128,8,1	112,8,1	96,8,1	96,8,1	128,8,1	96,8,1	232,8,1	192,8,1	232,8,1	192,8,1	80,8,1	184,8,1	128,8,1	96,8,1	96,8,1	104,8,1	128,8,1	176,8,1	176,8,1	96,8,1	72,8,1	160,8,1	112,8,1	96,8,1	80,8,1	96,8,1	112,8,1	96,8,1	48,8,1	112,8,1	112,8,1	112,8,1
Anh Hµo Chi VÚ HÂn ßao Ph∏p	120,8,1	120,8,1	120,8,1	120,8,1	88,8,1	88,8,1	88,8,1	88,8,1	120,8,1	120,8,1	88,8,1	88,8,1	120,8,1	120,8,1	120,8,1	120,8,1	120,8,1	248,8,1	248,8,1	96,8,1	88,8,1	88,8,1	88,8,1	88,8,1	88,8,1	96,8,1	96,8,1	88,8,1	72,8,1	64,8,1	56,8,1	96,8,1	104,8,1	104,8,1	56,8,1	104,8,1	96,8,1	128,8,1	144,8,1	104,8,1	104,8,1	120,8,1	144,8,1	128,8,1	112,8,1	96,8,1	96,8,1	128,8,1	96,8,1	232,8,1	192,8,1	232,8,1	192,8,1	80,8,1	184,8,1	128,8,1	96,8,1	96,8,1	104,8,1	128,8,1	176,8,1	176,8,1	96,8,1	72,8,1	160,8,1	112,8,1	96,8,1	80,8,1	96,8,1	112,8,1	96,8,1	48,8,1	112,8,1	112,8,1	112,8,1
Ti™u Dao C«m Chi 1	120,8,1	120,8,1	120,8,1	120,8,1	88,8,1	88,8,1	88,8,1	88,8,1	120,8,1	120,8,1	88,8,1	88,8,1	120,8,1	120,8,1	120,8,1	120,8,1	120,8,1	248,8,1	248,8,1	96,8,1	88,8,1	88,8,1	88,8,1	88,8,1	88,8,1	96,8,1	96,8,1	88,8,1	72,8,1	64,8,1	56,8,1	96,8,1	104,8,1	104,8,1	56,8,1	104,8,1	96,8,1	128,8,1	144,8,1	104,8,1	104,8,1	120,8,1	144,8,1	128,8,1	112,8,1	96,8,1	96,8,1	128,8,1	96,8,1	232,8,1	192,8,1	232,8,1	192,8,1	80,8,1	184,8,1	128,8,1	96,8,1	96,8,1	104,8,1	128,8,1	176,8,1	176,8,1	96,8,1	72,8,1	160,8,1	112,8,1	96,8,1	80,8,1	96,8,1	112,8,1	96,8,1	48,8,1	112,8,1	112,8,1	112,8,1
Ti™u Dao C«m Chi 2	120,8,1	120,8,1	120,8,1	120,8,1	88,8,1	88,8,1	88,8,1	88,8,1	120,8,1	120,8,1	88,8,1	88,8,1	120,8,1	120,8,1	120,8,1	120,8,1	120,8,1	248,8,1	248,8,1	96,8,1	88,8,1	88,8,1	88,8,1	88,8,1	88,8,1	96,8,1	96,8,1	88,8,1	72,8,1	64,8,1	56,8,1	96,8,1	104,8,1	104,8,1	56,8,1	104,8,1	96,8,1	128,8,1	144,8,1	104,8,1	104,8,1	120,8,1	144,8,1	128,8,1	112,8,1	96,8,1	96,8,1	128,8,1	96,8,1	232,8,1	192,8,1	232,8,1	192,8,1	80,8,1	184,8,1	128,8,1	96,8,1	96,8,1	104,8,1	128,8,1	176,8,1	176,8,1	96,8,1	72,8,1	160,8,1	112,8,1	96,8,1	80,8,1	96,8,1	112,8,1	96,8,1	48,8,1	112,8,1	112,8,1	112,8,1
Ti™u Dao C«m Chi 3	120,8,1	120,8,1	120,8,1	120,8,1	88,8,1	88,8,1	88,8,1	88,8,1	120,8,1	120,8,1	88,8,1	88,8,1	120,8,1	120,8,1	120,8,1	120,8,1	120,8,1	248,8,1	248,8,1	96,8,1	88,8,1	88,8,1	88,8,1	88,8,1	88,8,1	96,8,1	96,8,1	88,8,1	72,8,1	64,8,1	56,8,1	96,8,1	104,8,1	104,8,1	56,8,1	104,8,1	96,8,1	128,8,1	144,8,1	104,8,1	104,8,1	120,8,1	144,8,1	128,8,1	112,8,1	96,8,1	96,8,1	128,8,1	96,8,1	232,8,1	192,8,1	232,8,1	192,8,1	80,8,1	184,8,1	128,8,1	96,8,1	96,8,1	104,8,1	128,8,1	176,8,1	176,8,1	96,8,1	72,8,1	160,8,1	112,8,1	96,8,1	80,8,1	96,8,1	112,8,1	96,8,1	48,8,1	112,8,1	112,8,1	112,8,1
Ti™u Dao C«m Chi 4	120,8,1	120,8,1	120,8,1	120,8,1	88,8,1	88,8,1	88,8,1	88,8,1	120,8,1	120,8,1	88,8,1	88,8,1	120,8,1	120,8,1	120,8,1	120,8,1	120,8,1	248,8,1	248,8,1	96,8,1	88,8,1	88,8,1	88,8,1	88,8,1	88,8,1	96,8,1	96,8,1	88,8,1	72,8,1	64,8,1	56,8,1	96,8,1	104,8,1	104,8,1	56,8,1	104,8,1	96,8,1	128,8,1	144,8,1	104,8,1	104,8,1	120,8,1	144,8,1	128,8,1	112,8,1	96,8,1	96,8,1	128,8,1	96,8,1	232,8,1	192,8,1	232,8,1	192,8,1	80,8,1	184,8,1	128,8,1	96,8,1	96,8,1	104,8,1	128,8,1	176,8,1	176,8,1	96,8,1	72,8,1	160,8,1	112,8,1	96,8,1	80,8,1	96,8,1	112,8,1	96,8,1	48,8,1	112,8,1	112,8,1	112,8,1
